Traceback (most recent call last):
  File "<string>", line 2, in <module>
ModuleNotFoundError: No module named 'brainiak.utils.fmriroi'
/home/csimmon2/anaconda3/envs/brainiak_env/lib/python3.7/site-packages/nilearn/__init__.py:67: FutureWarning: Python 3.7 support is deprecated and will be removed in release 0.12 of Nilearn. Consider switching to Python 3.9 or 3.10.
  _python_deprecation_warnings()
2024-10-19 10:05:06,082 - INFO - Running searchlight analysis with GCA for Object...
2024-10-19 10:05:06,317 - INFO - Processing pIPS left for run combination [1, 2] for subject sub-085
2024-10-19 10:05:06,317 - INFO - Loading run 1 from /lab_data/behrmannlab/vlad/hemispace/sub-085/ses-01/derivatives/fsl/loc/run-01/1stLevel.feat/filtered_func_data_reg.nii.gz
2024-10-19 10:05:07,062 - INFO - Functional image: shape=(176, 256, 256, 184), affine=
[[ 9.99038637e-01 -2.99504958e-02  3.19331363e-02 -8.69367447e+01]
 [ 2.93730590e-02  9.99399185e-01  1.83988288e-02 -1.14638153e+02]
 [-3.24649215e-02 -1.74432117e-02  9.99320626e-01 -1.45557434e+02]
 [ 0.00000000e+00  0.00000000e+00  0.00000000e+00  1.00000000e+00]]
2024-10-19 10:05:46,987 - INFO - Generated mask: shape=(176, 256, 256), affine=
[[ 9.99038637e-01 -2.99504958e-02  3.19331363e-02 -8.69367447e+01]
 [ 2.93730590e-02  9.99399185e-01  1.83988288e-02 -1.14638153e+02]
 [-3.24649215e-02 -1.74432117e-02  9.99320626e-01 -1.45557434e+02]
 [ 0.00000000e+00  0.00000000e+00  0.00000000e+00  1.00000000e+00]]
2024-10-19 10:06:38,711 - INFO - Cleaned data: shape=(176, 256, 256, 184), min=-8.65463638305664, max=10.042829513549805, mean=-3.076435586366132e-13
2024-10-19 10:06:38,791 - INFO - Memory usage after after loading and cleaning run: 16396.93 MB
2024-10-19 10:06:38,791 - INFO - Loading run 2 from /lab_data/behrmannlab/vlad/hemispace/sub-085/ses-01/derivatives/fsl/loc/run-02/1stLevel.feat/filtered_func_data_reg.nii.gz
2024-10-19 10:06:38,980 - INFO - Functional image: shape=(176, 256, 256, 184), affine=
[[ 9.99038637e-01 -2.99504958e-02  3.19331363e-02 -8.69367447e+01]
 [ 2.93730590e-02  9.99399185e-01  1.83988288e-02 -1.14638153e+02]
 [-3.24649215e-02 -1.74432117e-02  9.99320626e-01 -1.45557434e+02]
 [ 0.00000000e+00  0.00000000e+00  0.00000000e+00  1.00000000e+00]]
2024-10-19 10:07:18,184 - INFO - Generated mask: shape=(176, 256, 256), affine=
[[ 9.99038637e-01 -2.99504958e-02  3.19331363e-02 -8.69367447e+01]
 [ 2.93730590e-02  9.99399185e-01  1.83988288e-02 -1.14638153e+02]
 [-3.24649215e-02 -1.74432117e-02  9.99320626e-01 -1.45557434e+02]
 [ 0.00000000e+00  0.00000000e+00  0.00000000e+00  1.00000000e+00]]
2024-10-19 10:08:09,688 - INFO - Cleaned data: shape=(176, 256, 256, 184), min=-11.93814754486084, max=11.64720630645752, mean=2.3233513243027654e-13
2024-10-19 10:08:09,769 - INFO - Memory usage after after loading and cleaning run: 32602.75 MB
2024-10-19 10:08:28,013 - INFO - Concatenated data shape: (176, 256, 256, 368)
2024-10-19 10:08:28,096 - INFO - Memory usage after after concatenating runs: 48794.75 MB
