Traceback (most recent call last):
  File "<string>", line 2, in <module>
ModuleNotFoundError: No module named 'brainiak.utils.fmriroi'
/home/csimmon2/anaconda3/envs/brainiak_env/lib/python3.7/site-packages/nilearn/__init__.py:67: FutureWarning: Python 3.7 support is deprecated and will be removed in release 0.12 of Nilearn. Consider switching to Python 3.9 or 3.10.
  _python_deprecation_warnings()
2025-01-08 21:23:49,121 - INFO - Running searchlight analysis with GCA for nontool localizer...
2025-01-08 21:23:49,183 - INFO - Memory usage after start of ROI/hemi iteration: 142.32 MB
2025-01-08 21:23:49,218 - INFO - Memory usage after start of run combination: 142.32 MB
2025-01-08 21:23:49,218 - INFO - Processing pIPS left for run combination [1, 2] for subject sub-spaceloc1011
2025-01-08 21:23:49,516 - INFO - Functional image: shape=(208, 240, 256, 341), affine=
[[ 9.97695804e-01 -6.22371174e-02  2.69117914e-02 -9.92922287e+01]
 [ 5.37742451e-02  9.68010366e-01  2.45080069e-01 -1.28576981e+02]
 [-4.13038582e-02 -2.43068859e-01  9.69129264e-01 -1.15319489e+02]
 [ 0.00000000e+00  0.00000000e+00  0.00000000e+00  1.00000000e+00]]
2025-01-08 21:25:14,549 - INFO - Generated mask: shape=(208, 240, 256), affine=
[[ 9.97695804e-01 -6.22371174e-02  2.69117914e-02 -9.92922287e+01]
 [ 5.37742451e-02  9.68010366e-01  2.45080069e-01 -1.28576981e+02]
 [-4.13038582e-02 -2.43068859e-01  9.69129264e-01 -1.15319489e+02]
 [ 0.00000000e+00  0.00000000e+00  0.00000000e+00  1.00000000e+00]]
2025-01-08 21:27:05,368 - INFO - Cleaned data: shape=(208, 240, 256, 341), min=-16.045686721801758, max=16.065948486328125, mean=3.902734937320922e-13
2025-01-08 21:27:05,490 - INFO - Memory usage after after loading and cleaning run: 33464.18 MB
2025-01-08 21:27:05,490 - INFO - Memory usage after after loading analysis run: 33464.18 MB
2025-01-08 21:31:07,176 - INFO - Memory usage after after ROI extraction: 33466.71 MB
2025-01-08 21:31:07,176 - INFO - Creating Searchlight object for pIPS left...
2025-01-08 21:31:07,178 - INFO - Searchlight object created.
2025-01-08 21:31:07,178 - INFO - Distributing data...
2025-01-08 21:32:30,420 - INFO - Memory usage after after data distribution: 35968.43 MB
2025-01-08 21:32:30,420 - INFO - Broadcasting pIPS time series and psychological covariate...
2025-01-08 21:32:30,420 - INFO - Broadcasting completed.
2025-01-08 21:32:30,421 - INFO - Starting searchlight analysis...
2025-01-09 02:36:51,286 - INFO - Searchlight analysis completed.
2025-01-09 02:36:51,287 - INFO - Memory usage after after searchlight: 36898.33 MB
2025-01-09 02:36:53,317 - INFO - Saved searchlight result to /lab_data/behrmannlab/vlad/ptoc/sub-spaceloc1011/ses-01//derivatives/gca/searchlight_result_nontool_runs12_pIPS_left_1217.nii.gz
2025-01-09 02:36:53,944 - INFO - Memory usage after after cleanup: 20613.83 MB
2025-01-09 02:36:53,980 - INFO - Memory usage after start of run combination: 20613.83 MB
2025-01-09 02:36:53,980 - INFO - Processing pIPS left for run combination [2, 1] for subject sub-spaceloc1011
2025-01-09 02:36:54,265 - INFO - Functional image: shape=(208, 240, 256, 341), affine=
[[ 9.97695804e-01 -6.22371174e-02  2.69117914e-02 -9.92922287e+01]
 [ 5.37742451e-02  9.68010366e-01  2.45080069e-01 -1.28576981e+02]
 [-4.13038582e-02 -2.43068859e-01  9.69129264e-01 -1.15319489e+02]
 [ 0.00000000e+00  0.00000000e+00  0.00000000e+00  1.00000000e+00]]
2025-01-09 02:38:17,138 - INFO - Generated mask: shape=(208, 240, 256), affine=
[[ 9.97695804e-01 -6.22371174e-02  2.69117914e-02 -9.92922287e+01]
 [ 5.37742451e-02  9.68010366e-01  2.45080069e-01 -1.28576981e+02]
 [-4.13038582e-02 -2.43068859e-01  9.69129264e-01 -1.15319489e+02]
 [ 0.00000000e+00  0.00000000e+00  0.00000000e+00  1.00000000e+00]]
2025-01-09 02:40:08,642 - INFO - Cleaned data: shape=(208, 240, 256, 341), min=-15.408204078674316, max=14.087169647216797, mean=-1.0302772239125523e-12
2025-01-09 02:40:08,707 - INFO - Memory usage after after loading and cleaning run: 53861.33 MB
2025-01-09 02:40:08,707 - INFO - Memory usage after after loading analysis run: 53861.33 MB
2025-01-09 02:44:07,838 - INFO - Memory usage after after ROI extraction: 53861.33 MB
2025-01-09 02:44:07,838 - INFO - Creating Searchlight object for pIPS left...
2025-01-09 02:44:07,840 - INFO - Searchlight object created.
2025-01-09 02:44:07,840 - INFO - Distributing data...
2025-01-09 02:45:25,346 - INFO - Memory usage after after data distribution: 36166.66 MB
2025-01-09 02:45:25,346 - INFO - Broadcasting pIPS time series and psychological covariate...
2025-01-09 02:45:25,346 - INFO - Broadcasting completed.
2025-01-09 02:45:25,346 - INFO - Starting searchlight analysis...
2025-01-09 07:49:33,225 - INFO - Searchlight analysis completed.
2025-01-09 07:49:33,226 - INFO - Memory usage after after searchlight: 37092.64 MB
2025-01-09 07:49:35,254 - INFO - Saved searchlight result to /lab_data/behrmannlab/vlad/ptoc/sub-spaceloc1011/ses-01//derivatives/gca/searchlight_result_nontool_runs21_pIPS_left_1217.nii.gz
2025-01-09 07:49:35,339 - INFO - Memory usage after after cleanup: 36167.00 MB
2025-01-09 07:49:35,374 - INFO - Memory usage after start of ROI/hemi iteration: 36167.00 MB
2025-01-09 07:49:35,407 - INFO - Memory usage after start of run combination: 36167.00 MB
2025-01-09 07:49:35,407 - INFO - Processing pIPS right for run combination [1, 2] for subject sub-spaceloc1011
2025-01-09 07:49:35,535 - INFO - Functional image: shape=(208, 240, 256, 341), affine=
[[ 9.97695804e-01 -6.22371174e-02  2.69117914e-02 -9.92922287e+01]
 [ 5.37742451e-02  9.68010366e-01  2.45080069e-01 -1.28576981e+02]
 [-4.13038582e-02 -2.43068859e-01  9.69129264e-01 -1.15319489e+02]
 [ 0.00000000e+00  0.00000000e+00  0.00000000e+00  1.00000000e+00]]
2025-01-09 07:51:20,717 - INFO - Generated mask: shape=(208, 240, 256), affine=
[[ 9.97695804e-01 -6.22371174e-02  2.69117914e-02 -9.92922287e+01]
 [ 5.37742451e-02  9.68010366e-01  2.45080069e-01 -1.28576981e+02]
 [-4.13038582e-02 -2.43068859e-01  9.69129264e-01 -1.15319489e+02]
 [ 0.00000000e+00  0.00000000e+00  0.00000000e+00  1.00000000e+00]]
2025-01-09 07:54:12,686 - INFO - Cleaned data: shape=(208, 240, 256, 341), min=-16.045686721801758, max=16.065948486328125, mean=3.902734937320922e-13
2025-01-09 07:54:13,369 - INFO - Memory usage after after loading and cleaning run: 69414.51 MB
2025-01-09 07:54:13,369 - INFO - Memory usage after after loading analysis run: 69414.51 MB
2025-01-09 08:01:06,181 - INFO - Memory usage after after ROI extraction: 69414.51 MB
2025-01-09 08:01:06,182 - INFO - Creating Searchlight object for pIPS right...
2025-01-09 08:01:06,184 - INFO - Searchlight object created.
2025-01-09 08:01:06,184 - INFO - Distributing data...
2025-01-09 08:02:47,121 - INFO - Memory usage after after data distribution: 36166.67 MB
2025-01-09 08:02:47,121 - INFO - Broadcasting pIPS time series and psychological covariate...
2025-01-09 08:02:47,121 - INFO - Broadcasting completed.
2025-01-09 08:02:47,121 - INFO - Starting searchlight analysis...
2025-01-09 13:04:10,215 - INFO - Searchlight analysis completed.
2025-01-09 13:04:10,216 - INFO - Memory usage after after searchlight: 37095.89 MB
2025-01-09 13:04:12,332 - INFO - Saved searchlight result to /lab_data/behrmannlab/vlad/ptoc/sub-spaceloc1011/ses-01//derivatives/gca/searchlight_result_nontool_runs12_pIPS_right_1217.nii.gz
2025-01-09 13:04:12,389 - INFO - Memory usage after after cleanup: 36167.25 MB
2025-01-09 13:04:12,424 - INFO - Memory usage after start of run combination: 36167.25 MB
2025-01-09 13:04:12,424 - INFO - Processing pIPS right for run combination [2, 1] for subject sub-spaceloc1011
2025-01-09 13:04:12,669 - INFO - Functional image: shape=(208, 240, 256, 341), affine=
[[ 9.97695804e-01 -6.22371174e-02  2.69117914e-02 -9.92922287e+01]
 [ 5.37742451e-02  9.68010366e-01  2.45080069e-01 -1.28576981e+02]
 [-4.13038582e-02 -2.43068859e-01  9.69129264e-01 -1.15319489e+02]
 [ 0.00000000e+00  0.00000000e+00  0.00000000e+00  1.00000000e+00]]
2025-01-09 13:05:58,028 - INFO - Generated mask: shape=(208, 240, 256), affine=
[[ 9.97695804e-01 -6.22371174e-02  2.69117914e-02 -9.92922287e+01]
 [ 5.37742451e-02  9.68010366e-01  2.45080069e-01 -1.28576981e+02]
 [-4.13038582e-02 -2.43068859e-01  9.69129264e-01 -1.15319489e+02]
 [ 0.00000000e+00  0.00000000e+00  0.00000000e+00  1.00000000e+00]]
2025-01-09 13:08:52,218 - INFO - Cleaned data: shape=(208, 240, 256, 341), min=-15.408204078674316, max=14.087169647216797, mean=-1.0302772239125523e-12
2025-01-09 13:08:52,939 - INFO - Memory usage after after loading and cleaning run: 69414.51 MB
2025-01-09 13:08:52,939 - INFO - Memory usage after after loading analysis run: 69414.51 MB
2025-01-09 13:15:57,108 - INFO - Memory usage after after ROI extraction: 69414.51 MB
2025-01-09 13:15:57,109 - INFO - Creating Searchlight object for pIPS right...
2025-01-09 13:15:57,111 - INFO - Searchlight object created.
2025-01-09 13:15:57,111 - INFO - Distributing data...
2025-01-09 13:17:41,970 - INFO - Memory usage after after data distribution: 36185.11 MB
2025-01-09 13:17:41,970 - INFO - Broadcasting pIPS time series and psychological covariate...
2025-01-09 13:17:41,970 - INFO - Broadcasting completed.
2025-01-09 13:17:41,970 - INFO - Starting searchlight analysis...
2025-01-09 18:18:21,633 - INFO - Searchlight analysis completed.
2025-01-09 18:18:21,634 - INFO - Memory usage after after searchlight: 37111.07 MB
2025-01-09 18:18:23,706 - INFO - Saved searchlight result to /lab_data/behrmannlab/vlad/ptoc/sub-spaceloc1011/ses-01//derivatives/gca/searchlight_result_nontool_runs21_pIPS_right_1217.nii.gz
2025-01-09 18:18:23,762 - INFO - Memory usage after after cleanup: 36185.68 MB
2025-01-09 18:18:23,797 - INFO - Memory usage after start of ROI/hemi iteration: 36185.68 MB
2025-01-09 18:18:23,830 - INFO - Memory usage after start of run combination: 36185.68 MB
2025-01-09 18:18:23,830 - INFO - Processing LO left for run combination [1, 2] for subject sub-spaceloc1011
2025-01-09 18:18:24,083 - INFO - Functional image: shape=(208, 240, 256, 341), affine=
[[ 9.97695804e-01 -6.22371174e-02  2.69117914e-02 -9.92922287e+01]
 [ 5.37742451e-02  9.68010366e-01  2.45080069e-01 -1.28576981e+02]
 [-4.13038582e-02 -2.43068859e-01  9.69129264e-01 -1.15319489e+02]
 [ 0.00000000e+00  0.00000000e+00  0.00000000e+00  1.00000000e+00]]
2025-01-09 18:20:09,454 - INFO - Generated mask: shape=(208, 240, 256), affine=
[[ 9.97695804e-01 -6.22371174e-02  2.69117914e-02 -9.92922287e+01]
 [ 5.37742451e-02  9.68010366e-01  2.45080069e-01 -1.28576981e+02]
 [-4.13038582e-02 -2.43068859e-01  9.69129264e-01 -1.15319489e+02]
 [ 0.00000000e+00  0.00000000e+00  0.00000000e+00  1.00000000e+00]]
2025-01-09 18:23:04,725 - INFO - Cleaned data: shape=(208, 240, 256, 341), min=-16.045686721801758, max=16.065948486328125, mean=3.902734937320922e-13
2025-01-09 18:23:05,442 - INFO - Memory usage after after loading and cleaning run: 69433.18 MB
2025-01-09 18:23:05,442 - INFO - Memory usage after after loading analysis run: 69433.18 MB
2025-01-09 18:30:11,633 - INFO - Memory usage after after ROI extraction: 69433.18 MB
2025-01-09 18:30:11,634 - INFO - Creating Searchlight object for LO left...
2025-01-09 18:30:11,636 - INFO - Searchlight object created.
2025-01-09 18:30:11,636 - INFO - Distributing data...
2025-01-09 18:31:58,131 - INFO - Memory usage after after data distribution: 36185.18 MB
2025-01-09 18:31:58,132 - INFO - Broadcasting LO time series and psychological covariate...
2025-01-09 18:31:58,132 - INFO - Broadcasting completed.
2025-01-09 18:31:58,132 - INFO - Starting searchlight analysis...
2025-01-09 23:32:41,093 - INFO - Searchlight analysis completed.
2025-01-09 23:32:41,094 - INFO - Memory usage after after searchlight: 37114.32 MB
2025-01-09 23:32:43,128 - INFO - Saved searchlight result to /lab_data/behrmannlab/vlad/ptoc/sub-spaceloc1011/ses-01//derivatives/gca/searchlight_result_nontool_runs12_LO_left_1217.nii.gz
2025-01-09 23:32:43,204 - INFO - Memory usage after after cleanup: 36185.93 MB
2025-01-09 23:32:43,241 - INFO - Memory usage after start of run combination: 36185.93 MB
2025-01-09 23:32:43,242 - INFO - Processing LO left for run combination [2, 1] for subject sub-spaceloc1011
2025-01-09 23:32:43,437 - INFO - Functional image: shape=(208, 240, 256, 341), affine=
[[ 9.97695804e-01 -6.22371174e-02  2.69117914e-02 -9.92922287e+01]
 [ 5.37742451e-02  9.68010366e-01  2.45080069e-01 -1.28576981e+02]
 [-4.13038582e-02 -2.43068859e-01  9.69129264e-01 -1.15319489e+02]
 [ 0.00000000e+00  0.00000000e+00  0.00000000e+00  1.00000000e+00]]
2025-01-09 23:34:25,408 - INFO - Generated mask: shape=(208, 240, 256), affine=
[[ 9.97695804e-01 -6.22371174e-02  2.69117914e-02 -9.92922287e+01]
 [ 5.37742451e-02  9.68010366e-01  2.45080069e-01 -1.28576981e+02]
 [-4.13038582e-02 -2.43068859e-01  9.69129264e-01 -1.15319489e+02]
 [ 0.00000000e+00  0.00000000e+00  0.00000000e+00  1.00000000e+00]]
2025-01-09 23:37:19,162 - INFO - Cleaned data: shape=(208, 240, 256, 341), min=-15.408204078674316, max=14.087169647216797, mean=-1.0302772239125523e-12
2025-01-09 23:37:19,879 - INFO - Memory usage after after loading and cleaning run: 69433.43 MB
2025-01-09 23:37:19,879 - INFO - Memory usage after after loading analysis run: 69433.43 MB
2025-01-09 23:44:28,645 - INFO - Memory usage after after ROI extraction: 69433.43 MB
2025-01-09 23:44:28,645 - INFO - Creating Searchlight object for LO left...
2025-01-09 23:44:28,647 - INFO - Searchlight object created.
2025-01-09 23:44:28,648 - INFO - Distributing data...
2025-01-09 23:46:14,495 - INFO - Memory usage after after data distribution: 36199.71 MB
2025-01-09 23:46:14,495 - INFO - Broadcasting LO time series and psychological covariate...
2025-01-09 23:46:14,496 - INFO - Broadcasting completed.
2025-01-09 23:46:14,496 - INFO - Starting searchlight analysis...
2025-01-10 04:46:29,948 - INFO - Searchlight analysis completed.
2025-01-10 04:46:29,949 - INFO - Memory usage after after searchlight: 37125.60 MB
2025-01-10 04:46:37,316 - INFO - Saved searchlight result to /lab_data/behrmannlab/vlad/ptoc/sub-spaceloc1011/ses-01//derivatives/gca/searchlight_result_nontool_runs21_LO_left_1217.nii.gz
2025-01-10 04:46:37,388 - INFO - Memory usage after after cleanup: 36200.21 MB
2025-01-10 04:46:37,422 - INFO - Memory usage after start of ROI/hemi iteration: 36200.21 MB
2025-01-10 04:46:37,454 - INFO - Memory usage after start of run combination: 36200.21 MB
2025-01-10 04:46:37,455 - INFO - Processing LO right for run combination [1, 2] for subject sub-spaceloc1011
2025-01-10 04:46:38,670 - INFO - Functional image: shape=(208, 240, 256, 341), affine=
[[ 9.97695804e-01 -6.22371174e-02  2.69117914e-02 -9.92922287e+01]
 [ 5.37742451e-02  9.68010366e-01  2.45080069e-01 -1.28576981e+02]
 [-4.13038582e-02 -2.43068859e-01  9.69129264e-01 -1.15319489e+02]
 [ 0.00000000e+00  0.00000000e+00  0.00000000e+00  1.00000000e+00]]
2025-01-10 04:48:20,316 - INFO - Generated mask: shape=(208, 240, 256), affine=
[[ 9.97695804e-01 -6.22371174e-02  2.69117914e-02 -9.92922287e+01]
 [ 5.37742451e-02  9.68010366e-01  2.45080069e-01 -1.28576981e+02]
 [-4.13038582e-02 -2.43068859e-01  9.69129264e-01 -1.15319489e+02]
 [ 0.00000000e+00  0.00000000e+00  0.00000000e+00  1.00000000e+00]]
2025-01-10 04:51:14,674 - INFO - Cleaned data: shape=(208, 240, 256, 341), min=-16.045686721801758, max=16.065948486328125, mean=3.902734937320922e-13
2025-01-10 04:51:15,384 - INFO - Memory usage after after loading and cleaning run: 69447.71 MB
2025-01-10 04:51:15,384 - INFO - Memory usage after after loading analysis run: 69447.71 MB
2025-01-10 04:58:24,663 - INFO - Memory usage after after ROI extraction: 69447.96 MB
2025-01-10 04:58:24,663 - INFO - Creating Searchlight object for LO right...
2025-01-10 04:58:24,666 - INFO - Searchlight object created.
2025-01-10 04:58:24,666 - INFO - Distributing data...
2025-01-10 05:00:11,610 - INFO - Memory usage after after data distribution: 36199.96 MB
2025-01-10 05:00:11,610 - INFO - Broadcasting LO time series and psychological covariate...
2025-01-10 05:00:11,611 - INFO - Broadcasting completed.
2025-01-10 05:00:11,611 - INFO - Starting searchlight analysis...
2025-01-10 10:02:19,135 - INFO - Searchlight analysis completed.
2025-01-10 10:02:19,136 - INFO - Memory usage after after searchlight: 37129.10 MB
2025-01-10 10:02:21,308 - INFO - Saved searchlight result to /lab_data/behrmannlab/vlad/ptoc/sub-spaceloc1011/ses-01//derivatives/gca/searchlight_result_nontool_runs12_LO_right_1217.nii.gz
2025-01-10 10:02:21,365 - INFO - Memory usage after after cleanup: 36200.71 MB
2025-01-10 10:02:21,400 - INFO - Memory usage after start of run combination: 36200.71 MB
2025-01-10 10:02:21,400 - INFO - Processing LO right for run combination [2, 1] for subject sub-spaceloc1011
2025-01-10 10:02:21,678 - INFO - Functional image: shape=(208, 240, 256, 341), affine=
[[ 9.97695804e-01 -6.22371174e-02  2.69117914e-02 -9.92922287e+01]
 [ 5.37742451e-02  9.68010366e-01  2.45080069e-01 -1.28576981e+02]
 [-4.13038582e-02 -2.43068859e-01  9.69129264e-01 -1.15319489e+02]
 [ 0.00000000e+00  0.00000000e+00  0.00000000e+00  1.00000000e+00]]
2025-01-10 10:04:06,764 - INFO - Generated mask: shape=(208, 240, 256), affine=
[[ 9.97695804e-01 -6.22371174e-02  2.69117914e-02 -9.92922287e+01]
 [ 5.37742451e-02  9.68010366e-01  2.45080069e-01 -1.28576981e+02]
 [-4.13038582e-02 -2.43068859e-01  9.69129264e-01 -1.15319489e+02]
 [ 0.00000000e+00  0.00000000e+00  0.00000000e+00  1.00000000e+00]]
2025-01-10 10:06:59,835 - INFO - Cleaned data: shape=(208, 240, 256, 341), min=-15.408204078674316, max=14.087169647216797, mean=-1.0302772239125523e-12
2025-01-10 10:07:00,552 - INFO - Memory usage after after loading and cleaning run: 69447.96 MB
2025-01-10 10:07:00,552 - INFO - Memory usage after after loading analysis run: 69447.96 MB
