Traceback (most recent call last):
  File "<string>", line 2, in <module>
ModuleNotFoundError: No module named 'brainiak.utils.fmriroi'
/home/csimmon2/anaconda3/envs/brainiak_env/lib/python3.7/site-packages/nilearn/__init__.py:67: FutureWarning: Python 3.7 support is deprecated and will be removed in release 0.12 of Nilearn. Consider switching to Python 3.9 or 3.10.
  _python_deprecation_warnings()
2025-01-07 11:05:42,211 - INFO - Running searchlight analysis with GCA for nontool localizer...
2025-01-07 11:05:42,254 - INFO - Memory usage after start of ROI/hemi iteration: 142.31 MB
2025-01-07 11:05:42,287 - INFO - Memory usage after start of run combination: 142.31 MB
2025-01-07 11:05:42,287 - INFO - Processing pIPS left for run combination [1, 2] for subject sub-spaceloc1004
2025-01-07 11:05:42,316 - INFO - Output file /lab_data/behrmannlab/vlad/ptoc/sub-spaceloc1004/ses-01//derivatives/gca/searchlight_result_nontool_runs12_pIPS_left_1217.nii.gz already exists. Skipping this run.
2025-01-07 11:05:42,349 - INFO - Memory usage after start of run combination: 142.31 MB
2025-01-07 11:05:42,350 - INFO - Processing pIPS left for run combination [2, 1] for subject sub-spaceloc1004
2025-01-07 11:05:42,359 - INFO - Output file /lab_data/behrmannlab/vlad/ptoc/sub-spaceloc1004/ses-01//derivatives/gca/searchlight_result_nontool_runs21_pIPS_left_1217.nii.gz already exists. Skipping this run.
2025-01-07 11:05:42,395 - INFO - Memory usage after start of ROI/hemi iteration: 142.31 MB
2025-01-07 11:05:42,430 - INFO - Memory usage after start of run combination: 142.31 MB
2025-01-07 11:05:42,430 - INFO - Processing pIPS right for run combination [1, 2] for subject sub-spaceloc1004
2025-01-07 11:05:42,431 - INFO - Output file /lab_data/behrmannlab/vlad/ptoc/sub-spaceloc1004/ses-01//derivatives/gca/searchlight_result_nontool_runs12_pIPS_right_1217.nii.gz already exists. Skipping this run.
2025-01-07 11:05:42,466 - INFO - Memory usage after start of run combination: 142.31 MB
2025-01-07 11:05:42,466 - INFO - Processing pIPS right for run combination [2, 1] for subject sub-spaceloc1004
2025-01-07 11:05:42,466 - INFO - Output file /lab_data/behrmannlab/vlad/ptoc/sub-spaceloc1004/ses-01//derivatives/gca/searchlight_result_nontool_runs21_pIPS_right_1217.nii.gz already exists. Skipping this run.
2025-01-07 11:05:42,501 - INFO - Memory usage after start of ROI/hemi iteration: 142.31 MB
2025-01-07 11:05:42,536 - INFO - Memory usage after start of run combination: 142.31 MB
2025-01-07 11:05:42,537 - INFO - Processing LO left for run combination [1, 2] for subject sub-spaceloc1004
2025-01-07 11:05:42,537 - INFO - Output file /lab_data/behrmannlab/vlad/ptoc/sub-spaceloc1004/ses-01//derivatives/gca/searchlight_result_nontool_runs12_LO_left_1217.nii.gz already exists. Skipping this run.
2025-01-07 11:05:42,572 - INFO - Memory usage after start of run combination: 142.31 MB
2025-01-07 11:05:42,572 - INFO - Processing LO left for run combination [2, 1] for subject sub-spaceloc1004
2025-01-07 11:05:42,768 - INFO - Functional image: shape=(208, 240, 256, 341), affine=
[[ 9.99816656e-01 -1.42442789e-02 -1.27897514e-02 -1.00044151e+02]
 [ 1.52876880e-02  9.96214092e-01  8.55791494e-02 -1.04554688e+02]
 [ 1.15223164e-02 -8.57589915e-02  9.96249259e-01 -1.37633972e+02]
 [ 0.00000000e+00  0.00000000e+00  0.00000000e+00  1.00000000e+00]]
2025-01-07 11:07:09,650 - INFO - Generated mask: shape=(208, 240, 256), affine=
[[ 9.99816656e-01 -1.42442789e-02 -1.27897514e-02 -1.00044151e+02]
 [ 1.52876880e-02  9.96214092e-01  8.55791494e-02 -1.04554688e+02]
 [ 1.15223164e-02 -8.57589915e-02  9.96249259e-01 -1.37633972e+02]
 [ 0.00000000e+00  0.00000000e+00  0.00000000e+00  1.00000000e+00]]
2025-01-07 11:08:57,456 - INFO - Cleaned data: shape=(208, 240, 256, 341), min=-11.062562942504883, max=13.917350769042969, mean=2.3787038834882655e-13
2025-01-07 11:08:57,575 - INFO - Memory usage after after loading and cleaning run: 33458.26 MB
2025-01-07 11:08:57,575 - INFO - Memory usage after after loading analysis run: 33458.26 MB
2025-01-07 11:12:31,618 - INFO - Memory usage after after ROI extraction: 33463.05 MB
2025-01-07 11:12:31,618 - INFO - Creating Searchlight object for LO left...
2025-01-07 11:12:31,620 - INFO - Searchlight object created.
2025-01-07 11:12:31,621 - INFO - Distributing data...
2025-01-07 11:13:42,083 - INFO - Memory usage after after data distribution: 36079.18 MB
2025-01-07 11:13:42,083 - INFO - Broadcasting LO time series and psychological covariate...
2025-01-07 11:13:42,083 - INFO - Broadcasting completed.
2025-01-07 11:13:42,084 - INFO - Starting searchlight analysis...
2025-01-07 16:14:06,161 - INFO - Searchlight analysis completed.
2025-01-07 16:14:06,162 - INFO - Memory usage after after searchlight: 37007.19 MB
2025-01-07 16:14:08,259 - INFO - Saved searchlight result to /lab_data/behrmannlab/vlad/ptoc/sub-spaceloc1004/ses-01//derivatives/gca/searchlight_result_nontool_runs21_LO_left_1217.nii.gz
2025-01-07 16:14:08,986 - INFO - Memory usage after after cleanup: 20656.99 MB
2025-01-07 16:14:09,025 - INFO - Memory usage after start of ROI/hemi iteration: 20656.99 MB
2025-01-07 16:14:09,061 - INFO - Memory usage after start of run combination: 20656.99 MB
2025-01-07 16:14:09,061 - INFO - Processing LO right for run combination [1, 2] for subject sub-spaceloc1004
2025-01-07 16:14:09,296 - INFO - Functional image: shape=(208, 240, 256, 341), affine=
[[ 9.99816656e-01 -1.42442789e-02 -1.27897514e-02 -1.00044151e+02]
 [ 1.52876880e-02  9.96214092e-01  8.55791494e-02 -1.04554688e+02]
 [ 1.15223164e-02 -8.57589915e-02  9.96249259e-01 -1.37633972e+02]
 [ 0.00000000e+00  0.00000000e+00  0.00000000e+00  1.00000000e+00]]
2025-01-07 16:15:33,653 - INFO - Generated mask: shape=(208, 240, 256), affine=
[[ 9.99816656e-01 -1.42442789e-02 -1.27897514e-02 -1.00044151e+02]
 [ 1.52876880e-02  9.96214092e-01  8.55791494e-02 -1.04554688e+02]
 [ 1.15223164e-02 -8.57589915e-02  9.96249259e-01 -1.37633972e+02]
 [ 0.00000000e+00  0.00000000e+00  0.00000000e+00  1.00000000e+00]]
2025-01-07 16:17:24,042 - INFO - Cleaned data: shape=(208, 240, 256, 341), min=-15.431136131286621, max=13.80940055847168, mean=-1.3051714238539273e-12
2025-01-07 16:17:24,105 - INFO - Memory usage after after loading and cleaning run: 53909.99 MB
2025-01-07 16:17:24,106 - INFO - Memory usage after after loading analysis run: 53909.99 MB
2025-01-07 16:21:16,883 - INFO - Memory usage after after ROI extraction: 53910.00 MB
2025-01-07 16:21:16,883 - INFO - Creating Searchlight object for LO right...
2025-01-07 16:21:16,886 - INFO - Searchlight object created.
2025-01-07 16:21:16,886 - INFO - Distributing data...
2025-01-07 16:22:30,383 - INFO - Memory usage after after data distribution: 36168.91 MB
2025-01-07 16:22:30,384 - INFO - Broadcasting LO time series and psychological covariate...
2025-01-07 16:22:30,384 - INFO - Broadcasting completed.
2025-01-07 16:22:30,384 - INFO - Starting searchlight analysis...
2025-01-07 21:25:41,840 - INFO - Searchlight analysis completed.
2025-01-07 21:25:41,841 - INFO - Memory usage after after searchlight: 37094.16 MB
2025-01-07 21:25:43,922 - INFO - Saved searchlight result to /lab_data/behrmannlab/vlad/ptoc/sub-spaceloc1004/ses-01//derivatives/gca/searchlight_result_nontool_runs12_LO_right_1217.nii.gz
2025-01-07 21:25:44,567 - INFO - Memory usage after after cleanup: 20677.44 MB
2025-01-07 21:25:44,602 - INFO - Memory usage after start of run combination: 20677.44 MB
2025-01-07 21:25:44,602 - INFO - Processing LO right for run combination [2, 1] for subject sub-spaceloc1004
2025-01-07 21:25:44,752 - INFO - Functional image: shape=(208, 240, 256, 341), affine=
[[ 9.99816656e-01 -1.42442789e-02 -1.27897514e-02 -1.00044151e+02]
 [ 1.52876880e-02  9.96214092e-01  8.55791494e-02 -1.04554688e+02]
 [ 1.15223164e-02 -8.57589915e-02  9.96249259e-01 -1.37633972e+02]
 [ 0.00000000e+00  0.00000000e+00  0.00000000e+00  1.00000000e+00]]
2025-01-07 21:27:09,370 - INFO - Generated mask: shape=(208, 240, 256), affine=
[[ 9.99816656e-01 -1.42442789e-02 -1.27897514e-02 -1.00044151e+02]
 [ 1.52876880e-02  9.96214092e-01  8.55791494e-02 -1.04554688e+02]
 [ 1.15223164e-02 -8.57589915e-02  9.96249259e-01 -1.37633972e+02]
 [ 0.00000000e+00  0.00000000e+00  0.00000000e+00  1.00000000e+00]]
2025-01-07 21:29:00,293 - INFO - Cleaned data: shape=(208, 240, 256, 341), min=-11.062562942504883, max=13.917350769042969, mean=2.3787038834882655e-13
2025-01-07 21:29:00,357 - INFO - Memory usage after after loading and cleaning run: 53924.69 MB
2025-01-07 21:29:00,357 - INFO - Memory usage after after loading analysis run: 53924.69 MB
2025-01-07 21:33:00,738 - INFO - Memory usage after after ROI extraction: 53925.02 MB
2025-01-07 21:33:00,738 - INFO - Creating Searchlight object for LO right...
2025-01-07 21:33:00,740 - INFO - Searchlight object created.
2025-01-07 21:33:00,740 - INFO - Distributing data...
2025-01-07 21:34:14,616 - INFO - Memory usage after after data distribution: 36097.52 MB
2025-01-07 21:34:14,616 - INFO - Broadcasting LO time series and psychological covariate...
2025-01-07 21:34:14,616 - INFO - Broadcasting completed.
2025-01-07 21:34:14,616 - INFO - Starting searchlight analysis...
2025-01-08 02:37:48,285 - INFO - Searchlight analysis completed.
2025-01-08 02:37:48,286 - INFO - Memory usage after after searchlight: 37024.86 MB
2025-01-08 02:37:50,357 - INFO - Saved searchlight result to /lab_data/behrmannlab/vlad/ptoc/sub-spaceloc1004/ses-01//derivatives/gca/searchlight_result_nontool_runs21_LO_right_1217.nii.gz
2025-01-08 02:37:50,992 - INFO - Memory usage after after cleanup: 20677.77 MB
2025-01-08 02:37:50,992 - INFO - Completed searchlight analysis with GCA for all subjects
Processing subject: sub-spaceloc1004
