Traceback (most recent call last):
  File "<string>", line 2, in <module>
ModuleNotFoundError: No module named 'brainiak.utils.fmriroi'
/home/csimmon2/anaconda3/envs/brainiak_env/lib/python3.7/site-packages/nilearn/__init__.py:67: FutureWarning: Python 3.7 support is deprecated and will be removed in release 0.12 of Nilearn. Consider switching to Python 3.9 or 3.10.
  _python_deprecation_warnings()
2024-12-12 20:09:02,237 - INFO - Running searchlight analysis with GCA for Tool localizer...
2024-12-12 20:09:02,246 - INFO - Processing pIPS left for run combination [1, 2] for subject sub-spaceloc1008
2024-12-12 20:09:02,456 - INFO - Functional image: shape=(208, 240, 256, 341), affine=
[[ 9.99923706e-01 -1.20523302e-02  1.02082896e-03 -1.01242714e+02]
 [ 1.17004784e-02  9.85215247e-01  1.70921028e-01 -1.15959427e+02]
 [-3.06572323e-03 -1.70896590e-01  9.85284209e-01 -1.26960068e+02]
 [ 0.00000000e+00  0.00000000e+00  0.00000000e+00  1.00000000e+00]]
2024-12-12 20:10:17,544 - INFO - Generated mask: shape=(208, 240, 256), affine=
[[ 9.99923706e-01 -1.20523302e-02  1.02082896e-03 -1.01242714e+02]
 [ 1.17004784e-02  9.85215247e-01  1.70921028e-01 -1.15959427e+02]
 [-3.06572323e-03 -1.70896590e-01  9.85284209e-01 -1.26960068e+02]
 [ 0.00000000e+00  0.00000000e+00  0.00000000e+00  1.00000000e+00]]
2024-12-12 20:12:19,703 - INFO - Cleaned data: shape=(208, 240, 256, 341), min=-14.800284385681152, max=17.15250587463379, mean=-1.076383059515136e-12
2024-12-12 20:12:19,909 - INFO - Memory usage after after loading and cleaning run: 33458.44 MB
2024-12-12 20:16:21,927 - INFO - Creating Searchlight object for pIPS left...
2024-12-12 20:16:21,929 - INFO - Searchlight object created.
2024-12-12 20:16:21,929 - INFO - Distributing data...
2024-12-12 20:17:42,735 - INFO - Data distribution completed.
2024-12-12 20:17:42,736 - INFO - Broadcasting pIPS time series and psychological covariate...
2024-12-12 20:17:42,736 - INFO - Broadcasting completed.
2024-12-12 20:17:42,736 - INFO - Starting searchlight analysis...
2024-12-13 00:48:22,821 - INFO - Searchlight analysis completed.
2024-12-13 00:48:22,822 - INFO - Memory usage after after searchlight: 70692.75 MB
2024-12-13 00:48:24,645 - INFO - Saved searchlight result to /lab_data/behrmannlab/vlad/ptoc/sub-spaceloc1008/ses-01//derivatives/gca/searchlight_result_tool_runs12_pIPS_left.nii.gz
2024-12-13 00:48:26,522 - INFO - Processing pIPS left for run combination [2, 1] for subject sub-spaceloc1008
2024-12-13 00:48:26,725 - INFO - Functional image: shape=(208, 240, 256, 341), affine=
[[ 9.99923706e-01 -1.20523302e-02  1.02082896e-03 -1.01242714e+02]
 [ 1.17004784e-02  9.85215247e-01  1.70921028e-01 -1.15959427e+02]
 [-3.06572323e-03 -1.70896590e-01  9.85284209e-01 -1.26960068e+02]
 [ 0.00000000e+00  0.00000000e+00  0.00000000e+00  1.00000000e+00]]
2024-12-13 00:49:45,219 - INFO - Generated mask: shape=(208, 240, 256), affine=
[[ 9.99923706e-01 -1.20523302e-02  1.02082896e-03 -1.01242714e+02]
 [ 1.17004784e-02  9.85215247e-01  1.70921028e-01 -1.15959427e+02]
 [-3.06572323e-03 -1.70896590e-01  9.85284209e-01 -1.26960068e+02]
 [ 0.00000000e+00  0.00000000e+00  0.00000000e+00  1.00000000e+00]]
2024-12-13 00:52:13,128 - INFO - Cleaned data: shape=(208, 240, 256, 341), min=-17.018646240234375, max=17.53875160217285, mean=-6.728187615454003e-14
2024-12-13 00:52:13,194 - INFO - Memory usage after after loading and cleaning run: 69769.92 MB
2024-12-13 00:56:24,374 - INFO - Creating Searchlight object for pIPS left...
2024-12-13 00:56:25,201 - INFO - Searchlight object created.
2024-12-13 00:56:25,202 - INFO - Distributing data...
2024-12-13 00:57:41,801 - INFO - Data distribution completed.
2024-12-13 00:57:41,802 - INFO - Broadcasting pIPS time series and psychological covariate...
2024-12-13 00:57:41,802 - INFO - Broadcasting completed.
2024-12-13 00:57:41,802 - INFO - Starting searchlight analysis...
2024-12-13 05:33:24,814 - INFO - Searchlight analysis completed.
2024-12-13 05:33:24,815 - INFO - Memory usage after after searchlight: 70879.09 MB
2024-12-13 05:33:26,696 - INFO - Saved searchlight result to /lab_data/behrmannlab/vlad/ptoc/sub-spaceloc1008/ses-01//derivatives/gca/searchlight_result_tool_runs21_pIPS_left.nii.gz
2024-12-13 05:33:28,460 - INFO - Processing pIPS right for run combination [1, 2] for subject sub-spaceloc1008
2024-12-13 05:33:28,657 - INFO - Functional image: shape=(208, 240, 256, 341), affine=
[[ 9.99923706e-01 -1.20523302e-02  1.02082896e-03 -1.01242714e+02]
 [ 1.17004784e-02  9.85215247e-01  1.70921028e-01 -1.15959427e+02]
 [-3.06572323e-03 -1.70896590e-01  9.85284209e-01 -1.26960068e+02]
 [ 0.00000000e+00  0.00000000e+00  0.00000000e+00  1.00000000e+00]]
2024-12-13 05:34:54,844 - INFO - Generated mask: shape=(208, 240, 256), affine=
[[ 9.99923706e-01 -1.20523302e-02  1.02082896e-03 -1.01242714e+02]
 [ 1.17004784e-02  9.85215247e-01  1.70921028e-01 -1.15959427e+02]
 [-3.06572323e-03 -1.70896590e-01  9.85284209e-01 -1.26960068e+02]
 [ 0.00000000e+00  0.00000000e+00  0.00000000e+00  1.00000000e+00]]
2024-12-13 05:37:09,383 - INFO - Cleaned data: shape=(208, 240, 256, 341), min=-14.800284385681152, max=17.15250587463379, mean=-1.076383059515136e-12
2024-12-13 05:37:09,983 - INFO - Memory usage after after loading and cleaning run: 70020.58 MB
2024-12-13 05:41:51,557 - INFO - Creating Searchlight object for pIPS right...
2024-12-13 05:41:52,516 - INFO - Searchlight object created.
2024-12-13 05:41:52,516 - INFO - Distributing data...
2024-12-13 05:43:11,374 - INFO - Data distribution completed.
2024-12-13 05:43:11,374 - INFO - Broadcasting pIPS time series and psychological covariate...
2024-12-13 05:43:11,374 - INFO - Broadcasting completed.
2024-12-13 05:43:11,375 - INFO - Starting searchlight analysis...
2024-12-13 10:14:05,452 - INFO - Searchlight analysis completed.
2024-12-13 10:14:05,453 - INFO - Memory usage after after searchlight: 70757.38 MB
2024-12-13 10:14:07,299 - INFO - Saved searchlight result to /lab_data/behrmannlab/vlad/ptoc/sub-spaceloc1008/ses-01//derivatives/gca/searchlight_result_tool_runs12_pIPS_right.nii.gz
2024-12-13 10:14:09,252 - INFO - Processing pIPS right for run combination [2, 1] for subject sub-spaceloc1008
2024-12-13 10:14:09,403 - INFO - Functional image: shape=(208, 240, 256, 341), affine=
[[ 9.99923706e-01 -1.20523302e-02  1.02082896e-03 -1.01242714e+02]
 [ 1.17004784e-02  9.85215247e-01  1.70921028e-01 -1.15959427e+02]
 [-3.06572323e-03 -1.70896590e-01  9.85284209e-01 -1.26960068e+02]
 [ 0.00000000e+00  0.00000000e+00  0.00000000e+00  1.00000000e+00]]
2024-12-13 10:15:35,755 - INFO - Generated mask: shape=(208, 240, 256), affine=
[[ 9.99923706e-01 -1.20523302e-02  1.02082896e-03 -1.01242714e+02]
 [ 1.17004784e-02  9.85215247e-01  1.70921028e-01 -1.15959427e+02]
 [-3.06572323e-03 -1.70896590e-01  9.85284209e-01 -1.26960068e+02]
 [ 0.00000000e+00  0.00000000e+00  0.00000000e+00  1.00000000e+00]]
2024-12-13 10:17:52,879 - INFO - Cleaned data: shape=(208, 240, 256, 341), min=-17.018646240234375, max=17.53875160217285, mean=-6.728187615454003e-14
2024-12-13 10:17:53,487 - INFO - Memory usage after after loading and cleaning run: 69829.98 MB
2024-12-13 10:22:20,259 - INFO - Creating Searchlight object for pIPS right...
2024-12-13 10:22:20,280 - INFO - Searchlight object created.
2024-12-13 10:22:20,280 - INFO - Distributing data...
2024-12-13 10:23:32,237 - INFO - Data distribution completed.
2024-12-13 10:23:32,237 - INFO - Broadcasting pIPS time series and psychological covariate...
2024-12-13 10:23:32,238 - INFO - Broadcasting completed.
2024-12-13 10:23:32,238 - INFO - Starting searchlight analysis...
