Traceback (most recent call last):
  File "<string>", line 2, in <module>
ModuleNotFoundError: No module named 'brainiak.utils.fmriroi'
/home/csimmon2/anaconda3/envs/brainiak_env/lib/python3.7/site-packages/nilearn/__init__.py:67: FutureWarning: Python 3.7 support is deprecated and will be removed in release 0.12 of Nilearn. Consider switching to Python 3.9 or 3.10.
  _python_deprecation_warnings()
2024-10-19 11:25:00,032 - INFO - Running searchlight analysis with GCA for Object...
2024-10-19 11:25:10,229 - INFO - Processing pIPS left for run combination [1, 2] for subject sub-083
2024-10-19 11:25:10,675 - INFO - Loading run 1 from /lab_data/behrmannlab/vlad/hemispace/sub-083/ses-01/derivatives/fsl/loc/run-01/1stLevel.feat/filtered_func_data_reg.nii.gz
2024-10-19 11:25:20,920 - INFO - Functional image: shape=(176, 256, 256, 184), affine=
[[ 9.99984801e-01  3.27428360e-03  4.62767016e-03 -8.79662781e+01]
 [-4.42977808e-03  9.60725665e-01  2.77464598e-01 -1.42918640e+02]
 [-3.53742694e-03 -2.77480662e-01  9.60724711e-01 -1.03514511e+02]
 [ 0.00000000e+00  0.00000000e+00  0.00000000e+00  1.00000000e+00]]
2024-10-19 11:26:18,809 - INFO - Generated mask: shape=(176, 256, 256), affine=
[[ 9.99984801e-01  3.27428360e-03  4.62767016e-03 -8.79662781e+01]
 [-4.42977808e-03  9.60725665e-01  2.77464598e-01 -1.42918640e+02]
 [-3.53742694e-03 -2.77480662e-01  9.60724711e-01 -1.03514511e+02]
 [ 0.00000000e+00  0.00000000e+00  0.00000000e+00  1.00000000e+00]]
2024-10-19 11:27:42,262 - INFO - Cleaned data: shape=(176, 256, 256, 184), min=-10.004362106323242, max=10.803573608398438, mean=1.296383147439823e-13
2024-10-19 11:27:43,677 - INFO - Memory usage after after loading and cleaning run: 16386.80 MB
2024-10-19 11:27:43,677 - INFO - Loading run 2 from /lab_data/behrmannlab/vlad/hemispace/sub-083/ses-01/derivatives/fsl/loc/run-02/1stLevel.feat/filtered_func_data_reg.nii.gz
2024-10-19 11:27:49,647 - INFO - Functional image: shape=(176, 256, 256, 184), affine=
[[ 9.99984801e-01  3.27428360e-03  4.62767016e-03 -8.79662781e+01]
 [-4.42977808e-03  9.60725665e-01  2.77464598e-01 -1.42918640e+02]
 [-3.53742694e-03 -2.77480662e-01  9.60724711e-01 -1.03514511e+02]
 [ 0.00000000e+00  0.00000000e+00  0.00000000e+00  1.00000000e+00]]
2024-10-19 11:28:33,093 - INFO - Generated mask: shape=(176, 256, 256), affine=
[[ 9.99984801e-01  3.27428360e-03  4.62767016e-03 -8.79662781e+01]
 [-4.42977808e-03  9.60725665e-01  2.77464598e-01 -1.42918640e+02]
 [-3.53742694e-03 -2.77480662e-01  9.60724711e-01 -1.03514511e+02]
 [ 0.00000000e+00  0.00000000e+00  0.00000000e+00  1.00000000e+00]]
2024-10-19 11:29:54,977 - INFO - Cleaned data: shape=(176, 256, 256, 184), min=-8.843806266784668, max=10.742186546325684, mean=-9.7346887889664e-13
2024-10-19 11:29:56,536 - INFO - Memory usage after after loading and cleaning run: 32591.23 MB
2024-10-19 11:30:31,492 - INFO - Concatenated data shape: (176, 256, 256, 368)
2024-10-19 11:30:32,974 - INFO - Memory usage after after concatenating runs: 48783.17 MB
2024-10-19 11:34:22,813 - INFO - Creating Searchlight object for pIPS left...
2024-10-19 11:34:23,087 - INFO - Searchlight object created.
2024-10-19 11:34:23,087 - INFO - Distributing data...
2024-10-19 11:35:38,614 - INFO - Data distribution completed.
2024-10-19 11:35:38,953 - INFO - Broadcasting pIPS time series and psychological covariate...
2024-10-19 11:35:38,954 - INFO - Broadcasting completed.
2024-10-19 11:35:38,954 - INFO - Starting searchlight analysis...
2024-10-19 15:30:11,221 - INFO - Searchlight analysis completed.
2024-10-19 15:30:11,650 - INFO - Memory usage after after searchlight: 83616.89 MB
2024-10-19 15:30:20,859 - INFO - Saved searchlight result to /lab_data/behrmannlab/vlad/ptoc/sub-083/ses-01//derivatives/gca/searchlight_result_object_runs12_pIPS_left.nii.gz
2024-10-19 15:30:42,199 - INFO - Processing pIPS left for run combination [1, 3] for subject sub-083
2024-10-19 15:30:42,441 - INFO - Loading run 1 from /lab_data/behrmannlab/vlad/hemispace/sub-083/ses-01/derivatives/fsl/loc/run-01/1stLevel.feat/filtered_func_data_reg.nii.gz
2024-10-19 15:30:48,695 - INFO - Functional image: shape=(176, 256, 256, 184), affine=
[[ 9.99984801e-01  3.27428360e-03  4.62767016e-03 -8.79662781e+01]
 [-4.42977808e-03  9.60725665e-01  2.77464598e-01 -1.42918640e+02]
 [-3.53742694e-03 -2.77480662e-01  9.60724711e-01 -1.03514511e+02]
 [ 0.00000000e+00  0.00000000e+00  0.00000000e+00  1.00000000e+00]]
2024-10-19 15:31:30,291 - INFO - Generated mask: shape=(176, 256, 256), affine=
[[ 9.99984801e-01  3.27428360e-03  4.62767016e-03 -8.79662781e+01]
 [-4.42977808e-03  9.60725665e-01  2.77464598e-01 -1.42918640e+02]
 [-3.53742694e-03 -2.77480662e-01  9.60724711e-01 -1.03514511e+02]
 [ 0.00000000e+00  0.00000000e+00  0.00000000e+00  1.00000000e+00]]
2024-10-19 15:32:48,128 - INFO - Cleaned data: shape=(176, 256, 256, 184), min=-10.004362106323242, max=10.803573608398438, mean=1.296383147439823e-13
2024-10-19 15:32:48,947 - INFO - Memory usage after after loading and cleaning run: 66582.28 MB
2024-10-19 15:32:50,191 - INFO - Loading run 3 from /lab_data/behrmannlab/vlad/hemispace/sub-083/ses-01/derivatives/fsl/loc/run-03/1stLevel.feat/filtered_func_data_reg.nii.gz
2024-10-19 15:32:55,415 - INFO - Functional image: shape=(176, 256, 256, 184), affine=
[[ 9.99984801e-01  3.27428360e-03  4.62767016e-03 -8.79662781e+01]
 [-4.42977808e-03  9.60725665e-01  2.77464598e-01 -1.42918640e+02]
 [-3.53742694e-03 -2.77480662e-01  9.60724711e-01 -1.03514511e+02]
 [ 0.00000000e+00  0.00000000e+00  0.00000000e+00  1.00000000e+00]]
2024-10-19 15:33:31,308 - INFO - Generated mask: shape=(176, 256, 256), affine=
[[ 9.99984801e-01  3.27428360e-03  4.62767016e-03 -8.79662781e+01]
 [-4.42977808e-03  9.60725665e-01  2.77464598e-01 -1.42918640e+02]
 [-3.53742694e-03 -2.77480662e-01  9.60724711e-01 -1.03514511e+02]
 [ 0.00000000e+00  0.00000000e+00  0.00000000e+00  1.00000000e+00]]
2024-10-19 15:34:47,989 - INFO - Cleaned data: shape=(176, 256, 256, 184), min=-9.793420791625977, max=10.341769218444824, mean=1.0898834480078599e-12
2024-10-19 15:34:48,550 - INFO - Memory usage after after loading and cleaning run: 68515.54 MB
2024-10-19 15:35:19,075 - INFO - Concatenated data shape: (176, 256, 256, 368)
2024-10-19 15:35:20,387 - INFO - Memory usage after after concatenating runs: 84707.53 MB
2024-10-19 15:39:01,554 - INFO - Creating Searchlight object for pIPS left...
2024-10-19 15:39:03,533 - INFO - Searchlight object created.
2024-10-19 15:39:03,533 - INFO - Distributing data...
2024-10-19 15:40:11,762 - INFO - Data distribution completed.
2024-10-19 15:40:12,411 - INFO - Broadcasting pIPS time series and psychological covariate...
2024-10-19 15:40:12,412 - INFO - Broadcasting completed.
2024-10-19 15:40:12,412 - INFO - Starting searchlight analysis...
2024-10-19 19:37:06,490 - INFO - Searchlight analysis completed.
2024-10-19 19:37:07,028 - INFO - Memory usage after after searchlight: 83940.70 MB
2024-10-19 19:37:17,906 - INFO - Saved searchlight result to /lab_data/behrmannlab/vlad/ptoc/sub-083/ses-01//derivatives/gca/searchlight_result_object_runs13_pIPS_left.nii.gz
2024-10-19 19:37:42,972 - INFO - Processing pIPS left for run combination [2, 3] for subject sub-083
2024-10-19 19:37:45,631 - INFO - Loading run 2 from /lab_data/behrmannlab/vlad/hemispace/sub-083/ses-01/derivatives/fsl/loc/run-02/1stLevel.feat/filtered_func_data_reg.nii.gz
2024-10-19 19:37:52,780 - INFO - Functional image: shape=(176, 256, 256, 184), affine=
[[ 9.99984801e-01  3.27428360e-03  4.62767016e-03 -8.79662781e+01]
 [-4.42977808e-03  9.60725665e-01  2.77464598e-01 -1.42918640e+02]
 [-3.53742694e-03 -2.77480662e-01  9.60724711e-01 -1.03514511e+02]
 [ 0.00000000e+00  0.00000000e+00  0.00000000e+00  1.00000000e+00]]
2024-10-19 19:38:45,126 - INFO - Generated mask: shape=(176, 256, 256), affine=
[[ 9.99984801e-01  3.27428360e-03  4.62767016e-03 -8.79662781e+01]
 [-4.42977808e-03  9.60725665e-01  2.77464598e-01 -1.42918640e+02]
 [-3.53742694e-03 -2.77480662e-01  9.60724711e-01 -1.03514511e+02]
 [ 0.00000000e+00  0.00000000e+00  0.00000000e+00  1.00000000e+00]]
2024-10-19 19:40:02,358 - INFO - Cleaned data: shape=(176, 256, 256, 184), min=-8.843806266784668, max=10.742186546325684, mean=-9.7346887889664e-13
2024-10-19 19:40:03,192 - INFO - Memory usage after after loading and cleaning run: 68924.04 MB
2024-10-19 19:40:04,958 - INFO - Loading run 3 from /lab_data/behrmannlab/vlad/hemispace/sub-083/ses-01/derivatives/fsl/loc/run-03/1stLevel.feat/filtered_func_data_reg.nii.gz
2024-10-19 19:40:10,931 - INFO - Functional image: shape=(176, 256, 256, 184), affine=
[[ 9.99984801e-01  3.27428360e-03  4.62767016e-03 -8.79662781e+01]
 [-4.42977808e-03  9.60725665e-01  2.77464598e-01 -1.42918640e+02]
 [-3.53742694e-03 -2.77480662e-01  9.60724711e-01 -1.03514511e+02]
 [ 0.00000000e+00  0.00000000e+00  0.00000000e+00  1.00000000e+00]]
2024-10-19 19:40:50,302 - INFO - Generated mask: shape=(176, 256, 256), affine=
[[ 9.99984801e-01  3.27428360e-03  4.62767016e-03 -8.79662781e+01]
 [-4.42977808e-03  9.60725665e-01  2.77464598e-01 -1.42918640e+02]
 [-3.53742694e-03 -2.77480662e-01  9.60724711e-01 -1.03514511e+02]
 [ 0.00000000e+00  0.00000000e+00  0.00000000e+00  1.00000000e+00]]
2024-10-19 19:42:10,048 - INFO - Cleaned data: shape=(176, 256, 256, 184), min=-9.793420791625977, max=10.341769218444824, mean=1.0898834480078599e-12
2024-10-19 19:42:10,821 - INFO - Memory usage after after loading and cleaning run: 68924.04 MB
2024-10-19 19:42:40,416 - INFO - Concatenated data shape: (176, 256, 256, 368)
2024-10-19 19:42:42,094 - INFO - Memory usage after after concatenating runs: 85116.04 MB
2024-10-19 19:46:16,319 - INFO - Creating Searchlight object for pIPS left...
2024-10-19 19:46:18,109 - INFO - Searchlight object created.
2024-10-19 19:46:18,109 - INFO - Distributing data...
2024-10-19 19:47:20,391 - INFO - Data distribution completed.
2024-10-19 19:47:20,561 - INFO - Broadcasting pIPS time series and psychological covariate...
2024-10-19 19:47:20,561 - INFO - Broadcasting completed.
2024-10-19 19:47:20,561 - INFO - Starting searchlight analysis...
2024-10-19 23:43:40,691 - INFO - Searchlight analysis completed.
2024-10-19 23:43:40,994 - INFO - Memory usage after after searchlight: 83955.09 MB
2024-10-19 23:43:53,489 - INFO - Saved searchlight result to /lab_data/behrmannlab/vlad/ptoc/sub-083/ses-01//derivatives/gca/searchlight_result_object_runs23_pIPS_left.nii.gz
2024-10-19 23:44:20,889 - INFO - Processing pIPS right for run combination [1, 2] for subject sub-083
2024-10-19 23:44:24,348 - INFO - Loading run 1 from /lab_data/behrmannlab/vlad/hemispace/sub-083/ses-01/derivatives/fsl/loc/run-01/1stLevel.feat/filtered_func_data_reg.nii.gz
2024-10-19 23:44:31,321 - INFO - Functional image: shape=(176, 256, 256, 184), affine=
[[ 9.99984801e-01  3.27428360e-03  4.62767016e-03 -8.79662781e+01]
 [-4.42977808e-03  9.60725665e-01  2.77464598e-01 -1.42918640e+02]
 [-3.53742694e-03 -2.77480662e-01  9.60724711e-01 -1.03514511e+02]
 [ 0.00000000e+00  0.00000000e+00  0.00000000e+00  1.00000000e+00]]
2024-10-19 23:45:24,755 - INFO - Generated mask: shape=(176, 256, 256), affine=
[[ 9.99984801e-01  3.27428360e-03  4.62767016e-03 -8.79662781e+01]
 [-4.42977808e-03  9.60725665e-01  2.77464598e-01 -1.42918640e+02]
 [-3.53742694e-03 -2.77480662e-01  9.60724711e-01 -1.03514511e+02]
 [ 0.00000000e+00  0.00000000e+00  0.00000000e+00  1.00000000e+00]]
2024-10-19 23:46:47,803 - INFO - Cleaned data: shape=(176, 256, 256, 184), min=-10.004362106323242, max=10.803573608398438, mean=1.296383147439823e-13
2024-10-19 23:46:48,294 - INFO - Memory usage after after loading and cleaning run: 68940.01 MB
2024-10-19 23:46:49,913 - INFO - Loading run 2 from /lab_data/behrmannlab/vlad/hemispace/sub-083/ses-01/derivatives/fsl/loc/run-02/1stLevel.feat/filtered_func_data_reg.nii.gz
2024-10-19 23:46:53,751 - INFO - Functional image: shape=(176, 256, 256, 184), affine=
[[ 9.99984801e-01  3.27428360e-03  4.62767016e-03 -8.79662781e+01]
 [-4.42977808e-03  9.60725665e-01  2.77464598e-01 -1.42918640e+02]
 [-3.53742694e-03 -2.77480662e-01  9.60724711e-01 -1.03514511e+02]
 [ 0.00000000e+00  0.00000000e+00  0.00000000e+00  1.00000000e+00]]
2024-10-19 23:47:35,564 - INFO - Generated mask: shape=(176, 256, 256), affine=
[[ 9.99984801e-01  3.27428360e-03  4.62767016e-03 -8.79662781e+01]
 [-4.42977808e-03  9.60725665e-01  2.77464598e-01 -1.42918640e+02]
 [-3.53742694e-03 -2.77480662e-01  9.60724711e-01 -1.03514511e+02]
 [ 0.00000000e+00  0.00000000e+00  0.00000000e+00  1.00000000e+00]]
2024-10-19 23:48:54,160 - INFO - Cleaned data: shape=(176, 256, 256, 184), min=-8.843806266784668, max=10.742186546325684, mean=-9.7346887889664e-13
2024-10-19 23:48:54,659 - INFO - Memory usage after after loading and cleaning run: 68939.87 MB
2024-10-19 23:49:24,762 - INFO - Concatenated data shape: (176, 256, 256, 368)
2024-10-19 23:49:26,547 - INFO - Memory usage after after concatenating runs: 85131.86 MB
2024-10-19 23:53:07,320 - INFO - Creating Searchlight object for pIPS right...
2024-10-19 23:53:09,276 - INFO - Searchlight object created.
2024-10-19 23:53:09,277 - INFO - Distributing data...
2024-10-19 23:54:12,176 - INFO - Data distribution completed.
2024-10-19 23:54:12,459 - INFO - Broadcasting pIPS time series and psychological covariate...
2024-10-19 23:54:12,460 - INFO - Broadcasting completed.
2024-10-19 23:54:12,460 - INFO - Starting searchlight analysis...
2024-10-20 03:51:29,117 - INFO - Searchlight analysis completed.
2024-10-20 03:51:29,472 - INFO - Memory usage after after searchlight: 83735.19 MB
2024-10-20 03:51:47,340 - INFO - Saved searchlight result to /lab_data/behrmannlab/vlad/ptoc/sub-083/ses-01//derivatives/gca/searchlight_result_object_runs12_pIPS_right.nii.gz
2024-10-20 03:52:16,154 - INFO - Processing pIPS right for run combination [1, 3] for subject sub-083
2024-10-20 03:52:18,701 - INFO - Loading run 1 from /lab_data/behrmannlab/vlad/hemispace/sub-083/ses-01/derivatives/fsl/loc/run-01/1stLevel.feat/filtered_func_data_reg.nii.gz
2024-10-20 03:52:26,714 - INFO - Functional image: shape=(176, 256, 256, 184), affine=
[[ 9.99984801e-01  3.27428360e-03  4.62767016e-03 -8.79662781e+01]
 [-4.42977808e-03  9.60725665e-01  2.77464598e-01 -1.42918640e+02]
 [-3.53742694e-03 -2.77480662e-01  9.60724711e-01 -1.03514511e+02]
 [ 0.00000000e+00  0.00000000e+00  0.00000000e+00  1.00000000e+00]]
2024-10-20 03:53:15,380 - INFO - Generated mask: shape=(176, 256, 256), affine=
[[ 9.99984801e-01  3.27428360e-03  4.62767016e-03 -8.79662781e+01]
 [-4.42977808e-03  9.60725665e-01  2.77464598e-01 -1.42918640e+02]
 [-3.53742694e-03 -2.77480662e-01  9.60724711e-01 -1.03514511e+02]
 [ 0.00000000e+00  0.00000000e+00  0.00000000e+00  1.00000000e+00]]
2024-10-20 03:54:37,116 - INFO - Cleaned data: shape=(176, 256, 256, 184), min=-10.004362106323242, max=10.803573608398438, mean=1.296383147439823e-13
2024-10-20 03:54:37,661 - INFO - Memory usage after after loading and cleaning run: 67179.21 MB
2024-10-20 03:54:39,439 - INFO - Loading run 3 from /lab_data/behrmannlab/vlad/hemispace/sub-083/ses-01/derivatives/fsl/loc/run-03/1stLevel.feat/filtered_func_data_reg.nii.gz
2024-10-20 03:54:44,908 - INFO - Functional image: shape=(176, 256, 256, 184), affine=
[[ 9.99984801e-01  3.27428360e-03  4.62767016e-03 -8.79662781e+01]
 [-4.42977808e-03  9.60725665e-01  2.77464598e-01 -1.42918640e+02]
 [-3.53742694e-03 -2.77480662e-01  9.60724711e-01 -1.03514511e+02]
 [ 0.00000000e+00  0.00000000e+00  0.00000000e+00  1.00000000e+00]]
2024-10-20 03:55:30,128 - INFO - Generated mask: shape=(176, 256, 256), affine=
[[ 9.99984801e-01  3.27428360e-03  4.62767016e-03 -8.79662781e+01]
 [-4.42977808e-03  9.60725665e-01  2.77464598e-01 -1.42918640e+02]
 [-3.53742694e-03 -2.77480662e-01  9.60724711e-01 -1.03514511e+02]
 [ 0.00000000e+00  0.00000000e+00  0.00000000e+00  1.00000000e+00]]
2024-10-20 03:56:48,611 - INFO - Cleaned data: shape=(176, 256, 256, 184), min=-9.793420791625977, max=10.341769218444824, mean=1.0898834480078599e-12
2024-10-20 03:56:49,249 - INFO - Memory usage after after loading and cleaning run: 67179.21 MB
2024-10-20 03:57:19,790 - INFO - Concatenated data shape: (176, 256, 256, 368)
2024-10-20 03:57:21,133 - INFO - Memory usage after after concatenating runs: 83371.21 MB
2024-10-20 04:01:01,281 - INFO - Creating Searchlight object for pIPS right...
2024-10-20 04:01:01,533 - INFO - Searchlight object created.
2024-10-20 04:01:01,533 - INFO - Distributing data...
2024-10-20 04:02:12,348 - INFO - Data distribution completed.
2024-10-20 04:02:12,640 - INFO - Broadcasting pIPS time series and psychological covariate...
2024-10-20 04:02:12,641 - INFO - Broadcasting completed.
2024-10-20 04:02:12,641 - INFO - Starting searchlight analysis...
2024-10-20 07:58:45,815 - INFO - Searchlight analysis completed.
2024-10-20 07:58:46,157 - INFO - Memory usage after after searchlight: 85457.62 MB
2024-10-20 07:58:56,314 - INFO - Saved searchlight result to /lab_data/behrmannlab/vlad/ptoc/sub-083/ses-01//derivatives/gca/searchlight_result_object_runs13_pIPS_right.nii.gz
2024-10-20 07:59:00,221 - INFO - Processing pIPS right for run combination [2, 3] for subject sub-083
2024-10-20 07:59:00,896 - INFO - Loading run 2 from /lab_data/behrmannlab/vlad/hemispace/sub-083/ses-01/derivatives/fsl/loc/run-02/1stLevel.feat/filtered_func_data_reg.nii.gz
2024-10-20 07:59:08,752 - INFO - Functional image: shape=(176, 256, 256, 184), affine=
[[ 9.99984801e-01  3.27428360e-03  4.62767016e-03 -8.79662781e+01]
 [-4.42977808e-03  9.60725665e-01  2.77464598e-01 -1.42918640e+02]
 [-3.53742694e-03 -2.77480662e-01  9.60724711e-01 -1.03514511e+02]
 [ 0.00000000e+00  0.00000000e+00  0.00000000e+00  1.00000000e+00]]
2024-10-20 07:59:58,395 - INFO - Generated mask: shape=(176, 256, 256), affine=
[[ 9.99984801e-01  3.27428360e-03  4.62767016e-03 -8.79662781e+01]
 [-4.42977808e-03  9.60725665e-01  2.77464598e-01 -1.42918640e+02]
 [-3.53742694e-03 -2.77480662e-01  9.60724711e-01 -1.03514511e+02]
 [ 0.00000000e+00  0.00000000e+00  0.00000000e+00  1.00000000e+00]]
2024-10-20 08:01:13,588 - INFO - Cleaned data: shape=(176, 256, 256, 184), min=-8.843806266784668, max=10.742186546325684, mean=-9.7346887889664e-13
2024-10-20 08:01:15,414 - INFO - Memory usage after after loading and cleaning run: 68418.59 MB
2024-10-20 08:01:17,105 - INFO - Loading run 3 from /lab_data/behrmannlab/vlad/hemispace/sub-083/ses-01/derivatives/fsl/loc/run-03/1stLevel.feat/filtered_func_data_reg.nii.gz
2024-10-20 08:01:24,604 - INFO - Functional image: shape=(176, 256, 256, 184), affine=
[[ 9.99984801e-01  3.27428360e-03  4.62767016e-03 -8.79662781e+01]
 [-4.42977808e-03  9.60725665e-01  2.77464598e-01 -1.42918640e+02]
 [-3.53742694e-03 -2.77480662e-01  9.60724711e-01 -1.03514511e+02]
 [ 0.00000000e+00  0.00000000e+00  0.00000000e+00  1.00000000e+00]]
2024-10-20 08:02:12,635 - INFO - Generated mask: shape=(176, 256, 256), affine=
[[ 9.99984801e-01  3.27428360e-03  4.62767016e-03 -8.79662781e+01]
 [-4.42977808e-03  9.60725665e-01  2.77464598e-01 -1.42918640e+02]
 [-3.53742694e-03 -2.77480662e-01  9.60724711e-01 -1.03514511e+02]
 [ 0.00000000e+00  0.00000000e+00  0.00000000e+00  1.00000000e+00]]
2024-10-20 08:03:30,258 - INFO - Cleaned data: shape=(176, 256, 256, 184), min=-9.793420791625977, max=10.341769218444824, mean=1.0898834480078599e-12
2024-10-20 08:03:30,769 - INFO - Memory usage after after loading and cleaning run: 68418.59 MB
2024-10-20 08:03:59,620 - INFO - Concatenated data shape: (176, 256, 256, 368)
2024-10-20 08:04:01,372 - INFO - Memory usage after after concatenating runs: 84610.59 MB
2024-10-20 08:07:38,584 - INFO - Creating Searchlight object for pIPS right...
2024-10-20 08:07:38,935 - INFO - Searchlight object created.
2024-10-20 08:07:38,936 - INFO - Distributing data...
2024-10-20 08:08:42,195 - INFO - Data distribution completed.
2024-10-20 08:08:42,439 - INFO - Broadcasting pIPS time series and psychological covariate...
2024-10-20 08:08:42,440 - INFO - Broadcasting completed.
2024-10-20 08:08:42,440 - INFO - Starting searchlight analysis...
2024-10-20 12:05:46,457 - INFO - Searchlight analysis completed.
2024-10-20 12:05:46,686 - INFO - Memory usage after after searchlight: 83980.40 MB
2024-10-20 12:05:54,125 - INFO - Saved searchlight result to /lab_data/behrmannlab/vlad/ptoc/sub-083/ses-01//derivatives/gca/searchlight_result_object_runs23_pIPS_right.nii.gz
2024-10-20 12:05:59,315 - INFO - Processing LO left for run combination [1, 2] for subject sub-083
2024-10-20 12:05:59,459 - INFO - Loading run 1 from /lab_data/behrmannlab/vlad/hemispace/sub-083/ses-01/derivatives/fsl/loc/run-01/1stLevel.feat/filtered_func_data_reg.nii.gz
2024-10-20 12:06:04,893 - INFO - Functional image: shape=(176, 256, 256, 184), affine=
[[ 9.99984801e-01  3.27428360e-03  4.62767016e-03 -8.79662781e+01]
 [-4.42977808e-03  9.60725665e-01  2.77464598e-01 -1.42918640e+02]
 [-3.53742694e-03 -2.77480662e-01  9.60724711e-01 -1.03514511e+02]
 [ 0.00000000e+00  0.00000000e+00  0.00000000e+00  1.00000000e+00]]
2024-10-20 12:06:50,529 - INFO - Generated mask: shape=(176, 256, 256), affine=
[[ 9.99984801e-01  3.27428360e-03  4.62767016e-03 -8.79662781e+01]
 [-4.42977808e-03  9.60725665e-01  2.77464598e-01 -1.42918640e+02]
 [-3.53742694e-03 -2.77480662e-01  9.60724711e-01 -1.03514511e+02]
 [ 0.00000000e+00  0.00000000e+00  0.00000000e+00  1.00000000e+00]]
2024-10-20 12:08:10,057 - INFO - Cleaned data: shape=(176, 256, 256, 184), min=-10.004362106323242, max=10.803573608398438, mean=1.296383147439823e-13
2024-10-20 12:08:10,971 - INFO - Memory usage after after loading and cleaning run: 66956.10 MB
2024-10-20 12:08:12,560 - INFO - Loading run 2 from /lab_data/behrmannlab/vlad/hemispace/sub-083/ses-01/derivatives/fsl/loc/run-02/1stLevel.feat/filtered_func_data_reg.nii.gz
2024-10-20 12:08:18,653 - INFO - Functional image: shape=(176, 256, 256, 184), affine=
[[ 9.99984801e-01  3.27428360e-03  4.62767016e-03 -8.79662781e+01]
 [-4.42977808e-03  9.60725665e-01  2.77464598e-01 -1.42918640e+02]
 [-3.53742694e-03 -2.77480662e-01  9.60724711e-01 -1.03514511e+02]
 [ 0.00000000e+00  0.00000000e+00  0.00000000e+00  1.00000000e+00]]
2024-10-20 12:09:00,622 - INFO - Generated mask: shape=(176, 256, 256), affine=
[[ 9.99984801e-01  3.27428360e-03  4.62767016e-03 -8.79662781e+01]
 [-4.42977808e-03  9.60725665e-01  2.77464598e-01 -1.42918640e+02]
 [-3.53742694e-03 -2.77480662e-01  9.60724711e-01 -1.03514511e+02]
 [ 0.00000000e+00  0.00000000e+00  0.00000000e+00  1.00000000e+00]]
2024-10-20 12:10:18,083 - INFO - Cleaned data: shape=(176, 256, 256, 184), min=-8.843806266784668, max=10.742186546325684, mean=-9.7346887889664e-13
2024-10-20 12:10:18,568 - INFO - Memory usage after after loading and cleaning run: 67441.52 MB
2024-10-20 12:10:48,162 - INFO - Concatenated data shape: (176, 256, 256, 368)
2024-10-20 12:10:49,872 - INFO - Memory usage after after concatenating runs: 83633.26 MB
2024-10-20 12:14:28,280 - INFO - Creating Searchlight object for LO left...
2024-10-20 12:14:29,281 - INFO - Searchlight object created.
2024-10-20 12:14:29,282 - INFO - Distributing data...
2024-10-20 12:15:38,970 - INFO - Data distribution completed.
2024-10-20 12:15:39,144 - INFO - Broadcasting LO time series and psychological covariate...
2024-10-20 12:15:39,145 - INFO - Broadcasting completed.
2024-10-20 12:15:39,145 - INFO - Starting searchlight analysis...
2024-10-20 16:12:11,714 - INFO - Searchlight analysis completed.
2024-10-20 16:12:12,703 - INFO - Memory usage after after searchlight: 84064.14 MB
2024-10-20 16:12:21,350 - INFO - Saved searchlight result to /lab_data/behrmannlab/vlad/ptoc/sub-083/ses-01//derivatives/gca/searchlight_result_object_runs12_LO_left.nii.gz
2024-10-20 16:12:26,489 - INFO - Processing LO left for run combination [1, 3] for subject sub-083
2024-10-20 16:12:27,097 - INFO - Loading run 1 from /lab_data/behrmannlab/vlad/hemispace/sub-083/ses-01/derivatives/fsl/loc/run-01/1stLevel.feat/filtered_func_data_reg.nii.gz
2024-10-20 16:12:34,386 - INFO - Functional image: shape=(176, 256, 256, 184), affine=
[[ 9.99984801e-01  3.27428360e-03  4.62767016e-03 -8.79662781e+01]
 [-4.42977808e-03  9.60725665e-01  2.77464598e-01 -1.42918640e+02]
 [-3.53742694e-03 -2.77480662e-01  9.60724711e-01 -1.03514511e+02]
 [ 0.00000000e+00  0.00000000e+00  0.00000000e+00  1.00000000e+00]]
2024-10-20 16:13:23,256 - INFO - Generated mask: shape=(176, 256, 256), affine=
[[ 9.99984801e-01  3.27428360e-03  4.62767016e-03 -8.79662781e+01]
 [-4.42977808e-03  9.60725665e-01  2.77464598e-01 -1.42918640e+02]
 [-3.53742694e-03 -2.77480662e-01  9.60724711e-01 -1.03514511e+02]
 [ 0.00000000e+00  0.00000000e+00  0.00000000e+00  1.00000000e+00]]
2024-10-20 16:14:43,733 - INFO - Cleaned data: shape=(176, 256, 256, 184), min=-10.004362106323242, max=10.803573608398438, mean=1.296383147439823e-13
2024-10-20 16:14:45,170 - INFO - Memory usage after after loading and cleaning run: 68170.93 MB
2024-10-20 16:14:46,943 - INFO - Loading run 3 from /lab_data/behrmannlab/vlad/hemispace/sub-083/ses-01/derivatives/fsl/loc/run-03/1stLevel.feat/filtered_func_data_reg.nii.gz
2024-10-20 16:14:51,594 - INFO - Functional image: shape=(176, 256, 256, 184), affine=
[[ 9.99984801e-01  3.27428360e-03  4.62767016e-03 -8.79662781e+01]
 [-4.42977808e-03  9.60725665e-01  2.77464598e-01 -1.42918640e+02]
 [-3.53742694e-03 -2.77480662e-01  9.60724711e-01 -1.03514511e+02]
 [ 0.00000000e+00  0.00000000e+00  0.00000000e+00  1.00000000e+00]]
2024-10-20 16:15:34,007 - INFO - Generated mask: shape=(176, 256, 256), affine=
[[ 9.99984801e-01  3.27428360e-03  4.62767016e-03 -8.79662781e+01]
 [-4.42977808e-03  9.60725665e-01  2.77464598e-01 -1.42918640e+02]
 [-3.53742694e-03 -2.77480662e-01  9.60724711e-01 -1.03514511e+02]
 [ 0.00000000e+00  0.00000000e+00  0.00000000e+00  1.00000000e+00]]
2024-10-20 16:16:51,222 - INFO - Cleaned data: shape=(176, 256, 256, 184), min=-9.793420791625977, max=10.341769218444824, mean=1.0898834480078599e-12
2024-10-20 16:16:52,152 - INFO - Memory usage after after loading and cleaning run: 68290.08 MB
2024-10-20 16:17:22,287 - INFO - Concatenated data shape: (176, 256, 256, 368)
2024-10-20 16:17:23,661 - INFO - Memory usage after after concatenating runs: 84481.89 MB
2024-10-20 16:20:55,757 - INFO - Creating Searchlight object for LO left...
2024-10-20 16:20:56,074 - INFO - Searchlight object created.
2024-10-20 16:20:56,074 - INFO - Distributing data...
2024-10-20 16:22:01,145 - INFO - Data distribution completed.
2024-10-20 16:22:01,498 - INFO - Broadcasting LO time series and psychological covariate...
2024-10-20 16:22:01,498 - INFO - Broadcasting completed.
2024-10-20 16:22:01,498 - INFO - Starting searchlight analysis...
2024-10-20 20:19:23,035 - INFO - Searchlight analysis completed.
2024-10-20 20:19:23,130 - INFO - Memory usage after after searchlight: 83979.19 MB
2024-10-20 20:19:33,120 - INFO - Saved searchlight result to /lab_data/behrmannlab/vlad/ptoc/sub-083/ses-01//derivatives/gca/searchlight_result_object_runs13_LO_left.nii.gz
2024-10-20 20:19:44,351 - INFO - Processing LO left for run combination [2, 3] for subject sub-083
2024-10-20 20:19:44,967 - INFO - Loading run 2 from /lab_data/behrmannlab/vlad/hemispace/sub-083/ses-01/derivatives/fsl/loc/run-02/1stLevel.feat/filtered_func_data_reg.nii.gz
2024-10-20 20:19:51,525 - INFO - Functional image: shape=(176, 256, 256, 184), affine=
[[ 9.99984801e-01  3.27428360e-03  4.62767016e-03 -8.79662781e+01]
 [-4.42977808e-03  9.60725665e-01  2.77464598e-01 -1.42918640e+02]
 [-3.53742694e-03 -2.77480662e-01  9.60724711e-01 -1.03514511e+02]
 [ 0.00000000e+00  0.00000000e+00  0.00000000e+00  1.00000000e+00]]
2024-10-20 20:20:45,083 - INFO - Generated mask: shape=(176, 256, 256), affine=
[[ 9.99984801e-01  3.27428360e-03  4.62767016e-03 -8.79662781e+01]
 [-4.42977808e-03  9.60725665e-01  2.77464598e-01 -1.42918640e+02]
 [-3.53742694e-03 -2.77480662e-01  9.60724711e-01 -1.03514511e+02]
 [ 0.00000000e+00  0.00000000e+00  0.00000000e+00  1.00000000e+00]]
2024-10-20 20:22:02,692 - INFO - Cleaned data: shape=(176, 256, 256, 184), min=-8.843806266784668, max=10.742186546325684, mean=-9.7346887889664e-13
2024-10-20 20:22:03,654 - INFO - Memory usage after after loading and cleaning run: 68955.89 MB
2024-10-20 20:22:05,431 - INFO - Loading run 3 from /lab_data/behrmannlab/vlad/hemispace/sub-083/ses-01/derivatives/fsl/loc/run-03/1stLevel.feat/filtered_func_data_reg.nii.gz
2024-10-20 20:22:09,388 - INFO - Functional image: shape=(176, 256, 256, 184), affine=
[[ 9.99984801e-01  3.27428360e-03  4.62767016e-03 -8.79662781e+01]
 [-4.42977808e-03  9.60725665e-01  2.77464598e-01 -1.42918640e+02]
 [-3.53742694e-03 -2.77480662e-01  9.60724711e-01 -1.03514511e+02]
 [ 0.00000000e+00  0.00000000e+00  0.00000000e+00  1.00000000e+00]]
2024-10-20 20:22:51,551 - INFO - Generated mask: shape=(176, 256, 256), affine=
[[ 9.99984801e-01  3.27428360e-03  4.62767016e-03 -8.79662781e+01]
 [-4.42977808e-03  9.60725665e-01  2.77464598e-01 -1.42918640e+02]
 [-3.53742694e-03 -2.77480662e-01  9.60724711e-01 -1.03514511e+02]
 [ 0.00000000e+00  0.00000000e+00  0.00000000e+00  1.00000000e+00]]
2024-10-20 20:24:08,160 - INFO - Cleaned data: shape=(176, 256, 256, 184), min=-9.793420791625977, max=10.341769218444824, mean=1.0898834480078599e-12
2024-10-20 20:24:08,763 - INFO - Memory usage after after loading and cleaning run: 68955.41 MB
2024-10-20 20:24:46,173 - INFO - Concatenated data shape: (176, 256, 256, 368)
2024-10-20 20:24:48,025 - INFO - Memory usage after after concatenating runs: 85147.89 MB
2024-10-20 20:28:42,025 - INFO - Creating Searchlight object for LO left...
2024-10-20 20:28:42,335 - INFO - Searchlight object created.
2024-10-20 20:28:42,336 - INFO - Distributing data...
2024-10-20 20:29:45,147 - INFO - Data distribution completed.
2024-10-20 20:29:45,289 - INFO - Broadcasting LO time series and psychological covariate...
2024-10-20 20:29:45,290 - INFO - Broadcasting completed.
2024-10-20 20:29:45,290 - INFO - Starting searchlight analysis...
2024-10-21 00:26:45,004 - INFO - Searchlight analysis completed.
2024-10-21 00:26:45,603 - INFO - Memory usage after after searchlight: 83980.75 MB
2024-10-21 00:26:53,233 - INFO - Saved searchlight result to /lab_data/behrmannlab/vlad/ptoc/sub-083/ses-01//derivatives/gca/searchlight_result_object_runs23_LO_left.nii.gz
2024-10-21 00:26:57,533 - INFO - Processing LO right for run combination [1, 2] for subject sub-083
2024-10-21 00:26:57,582 - INFO - Loading run 1 from /lab_data/behrmannlab/vlad/hemispace/sub-083/ses-01/derivatives/fsl/loc/run-01/1stLevel.feat/filtered_func_data_reg.nii.gz
2024-10-21 00:27:03,312 - INFO - Functional image: shape=(176, 256, 256, 184), affine=
[[ 9.99984801e-01  3.27428360e-03  4.62767016e-03 -8.79662781e+01]
 [-4.42977808e-03  9.60725665e-01  2.77464598e-01 -1.42918640e+02]
 [-3.53742694e-03 -2.77480662e-01  9.60724711e-01 -1.03514511e+02]
 [ 0.00000000e+00  0.00000000e+00  0.00000000e+00  1.00000000e+00]]
2024-10-21 00:27:44,377 - INFO - Generated mask: shape=(176, 256, 256), affine=
[[ 9.99984801e-01  3.27428360e-03  4.62767016e-03 -8.79662781e+01]
 [-4.42977808e-03  9.60725665e-01  2.77464598e-01 -1.42918640e+02]
 [-3.53742694e-03 -2.77480662e-01  9.60724711e-01 -1.03514511e+02]
 [ 0.00000000e+00  0.00000000e+00  0.00000000e+00  1.00000000e+00]]
2024-10-21 00:29:13,498 - INFO - Cleaned data: shape=(176, 256, 256, 184), min=-10.004362106323242, max=10.803573608398438, mean=1.296383147439823e-13
2024-10-21 00:29:14,430 - INFO - Memory usage after after loading and cleaning run: 68603.44 MB
2024-10-21 00:29:16,186 - INFO - Loading run 2 from /lab_data/behrmannlab/vlad/hemispace/sub-083/ses-01/derivatives/fsl/loc/run-02/1stLevel.feat/filtered_func_data_reg.nii.gz
2024-10-21 00:29:19,905 - INFO - Functional image: shape=(176, 256, 256, 184), affine=
[[ 9.99984801e-01  3.27428360e-03  4.62767016e-03 -8.79662781e+01]
 [-4.42977808e-03  9.60725665e-01  2.77464598e-01 -1.42918640e+02]
 [-3.53742694e-03 -2.77480662e-01  9.60724711e-01 -1.03514511e+02]
 [ 0.00000000e+00  0.00000000e+00  0.00000000e+00  1.00000000e+00]]
2024-10-21 00:30:01,072 - INFO - Generated mask: shape=(176, 256, 256), affine=
[[ 9.99984801e-01  3.27428360e-03  4.62767016e-03 -8.79662781e+01]
 [-4.42977808e-03  9.60725665e-01  2.77464598e-01 -1.42918640e+02]
 [-3.53742694e-03 -2.77480662e-01  9.60724711e-01 -1.03514511e+02]
 [ 0.00000000e+00  0.00000000e+00  0.00000000e+00  1.00000000e+00]]
2024-10-21 00:31:17,064 - INFO - Cleaned data: shape=(176, 256, 256, 184), min=-8.843806266784668, max=10.742186546325684, mean=-9.7346887889664e-13
2024-10-21 00:31:17,559 - INFO - Memory usage after after loading and cleaning run: 68956.38 MB
2024-10-21 00:31:47,604 - INFO - Concatenated data shape: (176, 256, 256, 368)
2024-10-21 00:31:48,974 - INFO - Memory usage after after concatenating runs: 85148.38 MB
2024-10-21 00:35:20,582 - INFO - Creating Searchlight object for LO right...
2024-10-21 00:35:20,695 - INFO - Searchlight object created.
2024-10-21 00:35:20,695 - INFO - Distributing data...
2024-10-21 00:36:17,282 - INFO - Data distribution completed.
2024-10-21 00:36:17,407 - INFO - Broadcasting LO time series and psychological covariate...
2024-10-21 00:36:17,407 - INFO - Broadcasting completed.
2024-10-21 00:36:17,407 - INFO - Starting searchlight analysis...
2024-10-21 04:33:22,638 - INFO - Searchlight analysis completed.
2024-10-21 04:33:22,973 - INFO - Memory usage after after searchlight: 83976.81 MB
2024-10-21 04:33:39,970 - INFO - Saved searchlight result to /lab_data/behrmannlab/vlad/ptoc/sub-083/ses-01//derivatives/gca/searchlight_result_object_runs12_LO_right.nii.gz
2024-10-21 04:34:10,887 - INFO - Processing LO right for run combination [1, 3] for subject sub-083
2024-10-21 04:34:15,035 - INFO - Loading run 1 from /lab_data/behrmannlab/vlad/hemispace/sub-083/ses-01/derivatives/fsl/loc/run-01/1stLevel.feat/filtered_func_data_reg.nii.gz
2024-10-21 04:34:23,517 - INFO - Functional image: shape=(176, 256, 256, 184), affine=
[[ 9.99984801e-01  3.27428360e-03  4.62767016e-03 -8.79662781e+01]
 [-4.42977808e-03  9.60725665e-01  2.77464598e-01 -1.42918640e+02]
 [-3.53742694e-03 -2.77480662e-01  9.60724711e-01 -1.03514511e+02]
 [ 0.00000000e+00  0.00000000e+00  0.00000000e+00  1.00000000e+00]]
2024-10-21 04:35:13,131 - INFO - Generated mask: shape=(176, 256, 256), affine=
[[ 9.99984801e-01  3.27428360e-03  4.62767016e-03 -8.79662781e+01]
 [-4.42977808e-03  9.60725665e-01  2.77464598e-01 -1.42918640e+02]
 [-3.53742694e-03 -2.77480662e-01  9.60724711e-01 -1.03514511e+02]
 [ 0.00000000e+00  0.00000000e+00  0.00000000e+00  1.00000000e+00]]
2024-10-21 04:36:29,218 - INFO - Cleaned data: shape=(176, 256, 256, 184), min=-10.004362106323242, max=10.803573608398438, mean=1.296383147439823e-13
2024-10-21 04:36:31,277 - INFO - Memory usage after after loading and cleaning run: 66941.21 MB
2024-10-21 04:36:33,037 - INFO - Loading run 3 from /lab_data/behrmannlab/vlad/hemispace/sub-083/ses-01/derivatives/fsl/loc/run-03/1stLevel.feat/filtered_func_data_reg.nii.gz
2024-10-21 04:36:40,193 - INFO - Functional image: shape=(176, 256, 256, 184), affine=
[[ 9.99984801e-01  3.27428360e-03  4.62767016e-03 -8.79662781e+01]
 [-4.42977808e-03  9.60725665e-01  2.77464598e-01 -1.42918640e+02]
 [-3.53742694e-03 -2.77480662e-01  9.60724711e-01 -1.03514511e+02]
 [ 0.00000000e+00  0.00000000e+00  0.00000000e+00  1.00000000e+00]]
2024-10-21 04:37:28,868 - INFO - Generated mask: shape=(176, 256, 256), affine=
[[ 9.99984801e-01  3.27428360e-03  4.62767016e-03 -8.79662781e+01]
 [-4.42977808e-03  9.60725665e-01  2.77464598e-01 -1.42918640e+02]
 [-3.53742694e-03 -2.77480662e-01  9.60724711e-01 -1.03514511e+02]
 [ 0.00000000e+00  0.00000000e+00  0.00000000e+00  1.00000000e+00]]
2024-10-21 04:38:45,009 - INFO - Cleaned data: shape=(176, 256, 256, 184), min=-9.793420791625977, max=10.341769218444824, mean=1.0898834480078599e-12
2024-10-21 04:38:45,498 - INFO - Memory usage after after loading and cleaning run: 66940.96 MB
2024-10-21 04:39:20,865 - INFO - Concatenated data shape: (176, 256, 256, 368)
2024-10-21 04:39:22,915 - INFO - Memory usage after after concatenating runs: 83132.96 MB
2024-10-21 04:43:13,540 - INFO - Creating Searchlight object for LO right...
2024-10-21 04:43:13,852 - INFO - Searchlight object created.
2024-10-21 04:43:13,852 - INFO - Distributing data...
2024-10-21 04:44:31,285 - INFO - Data distribution completed.
2024-10-21 04:44:31,944 - INFO - Broadcasting LO time series and psychological covariate...
2024-10-21 04:44:31,945 - INFO - Broadcasting completed.
2024-10-21 04:44:31,945 - INFO - Starting searchlight analysis...
2024-10-21 08:41:41,264 - INFO - Searchlight analysis completed.
2024-10-21 08:41:41,478 - INFO - Memory usage after after searchlight: 84059.26 MB
2024-10-21 08:41:49,873 - INFO - Saved searchlight result to /lab_data/behrmannlab/vlad/ptoc/sub-083/ses-01//derivatives/gca/searchlight_result_object_runs13_LO_right.nii.gz
2024-10-21 08:41:54,379 - INFO - Processing LO right for run combination [2, 3] for subject sub-083
2024-10-21 08:41:54,854 - INFO - Loading run 2 from /lab_data/behrmannlab/vlad/hemispace/sub-083/ses-01/derivatives/fsl/loc/run-02/1stLevel.feat/filtered_func_data_reg.nii.gz
2024-10-21 08:42:02,528 - INFO - Functional image: shape=(176, 256, 256, 184), affine=
[[ 9.99984801e-01  3.27428360e-03  4.62767016e-03 -8.79662781e+01]
 [-4.42977808e-03  9.60725665e-01  2.77464598e-01 -1.42918640e+02]
 [-3.53742694e-03 -2.77480662e-01  9.60724711e-01 -1.03514511e+02]
 [ 0.00000000e+00  0.00000000e+00  0.00000000e+00  1.00000000e+00]]
2024-10-21 08:42:47,827 - INFO - Generated mask: shape=(176, 256, 256), affine=
[[ 9.99984801e-01  3.27428360e-03  4.62767016e-03 -8.79662781e+01]
 [-4.42977808e-03  9.60725665e-01  2.77464598e-01 -1.42918640e+02]
 [-3.53742694e-03 -2.77480662e-01  9.60724711e-01 -1.03514511e+02]
 [ 0.00000000e+00  0.00000000e+00  0.00000000e+00  1.00000000e+00]]
2024-10-21 08:44:05,344 - INFO - Cleaned data: shape=(176, 256, 256, 184), min=-8.843806266784668, max=10.742186546325684, mean=-9.7346887889664e-13
2024-10-21 08:44:06,926 - INFO - Memory usage after after loading and cleaning run: 67074.54 MB
2024-10-21 08:44:08,639 - INFO - Loading run 3 from /lab_data/behrmannlab/vlad/hemispace/sub-083/ses-01/derivatives/fsl/loc/run-03/1stLevel.feat/filtered_func_data_reg.nii.gz
2024-10-21 08:44:14,324 - INFO - Functional image: shape=(176, 256, 256, 184), affine=
[[ 9.99984801e-01  3.27428360e-03  4.62767016e-03 -8.79662781e+01]
 [-4.42977808e-03  9.60725665e-01  2.77464598e-01 -1.42918640e+02]
 [-3.53742694e-03 -2.77480662e-01  9.60724711e-01 -1.03514511e+02]
 [ 0.00000000e+00  0.00000000e+00  0.00000000e+00  1.00000000e+00]]
2024-10-21 08:44:57,239 - INFO - Generated mask: shape=(176, 256, 256), affine=
[[ 9.99984801e-01  3.27428360e-03  4.62767016e-03 -8.79662781e+01]
 [-4.42977808e-03  9.60725665e-01  2.77464598e-01 -1.42918640e+02]
 [-3.53742694e-03 -2.77480662e-01  9.60724711e-01 -1.03514511e+02]
 [ 0.00000000e+00  0.00000000e+00  0.00000000e+00  1.00000000e+00]]
2024-10-21 08:46:11,892 - INFO - Cleaned data: shape=(176, 256, 256, 184), min=-9.793420791625977, max=10.341769218444824, mean=1.0898834480078599e-12
2024-10-21 08:46:12,476 - INFO - Memory usage after after loading and cleaning run: 67074.63 MB
2024-10-21 08:46:41,732 - INFO - Concatenated data shape: (176, 256, 256, 368)
2024-10-21 08:46:43,464 - INFO - Memory usage after after concatenating runs: 83266.62 MB
2024-10-21 08:50:18,244 - INFO - Creating Searchlight object for LO right...
2024-10-21 08:50:18,581 - INFO - Searchlight object created.
2024-10-21 08:50:18,581 - INFO - Distributing data...
2024-10-21 08:51:32,445 - INFO - Data distribution completed.
2024-10-21 08:51:32,688 - INFO - Broadcasting LO time series and psychological covariate...
2024-10-21 08:51:32,689 - INFO - Broadcasting completed.
2024-10-21 08:51:32,689 - INFO - Starting searchlight analysis...
