Traceback (most recent call last):
  File "<string>", line 2, in <module>
ModuleNotFoundError: No module named 'brainiak.utils.fmriroi'
/home/csimmon2/anaconda3/envs/brainiak_env/lib/python3.7/site-packages/nilearn/__init__.py:67: FutureWarning: Python 3.7 support is deprecated and will be removed in release 0.12 of Nilearn. Consider switching to Python 3.9 or 3.10.
  _python_deprecation_warnings()
2024-10-23 14:21:40,702 - INFO - Running searchlight analysis with GCA for Object...
2024-10-23 14:21:41,155 - INFO - Processing pIPS left for run combination [1, 2] for subject sub-097
2024-10-23 14:21:41,155 - INFO - Loading run 1 from /lab_data/behrmannlab/vlad/hemispace/sub-097/ses-01/derivatives/fsl/loc/run-01/1stLevel.feat/filtered_func_data_reg.nii.gz
2024-10-23 14:21:41,734 - INFO - Functional image: shape=(176, 256, 256, 184), affine=
[[ 9.99481261e-01 -1.82523690e-02  2.62780469e-02 -8.92434616e+01]
 [ 1.33199645e-02  9.84132349e-01  1.76935270e-01 -1.34768692e+02]
 [-2.90903654e-02 -1.76494658e-01  9.83871639e-01 -1.18845612e+02]
 [ 0.00000000e+00  0.00000000e+00  0.00000000e+00  1.00000000e+00]]
2024-10-23 14:22:17,515 - INFO - Generated mask: shape=(176, 256, 256), affine=
[[ 9.99481261e-01 -1.82523690e-02  2.62780469e-02 -8.92434616e+01]
 [ 1.33199645e-02  9.84132349e-01  1.76935270e-01 -1.34768692e+02]
 [-2.90903654e-02 -1.76494658e-01  9.83871639e-01 -1.18845612e+02]
 [ 0.00000000e+00  0.00000000e+00  0.00000000e+00  1.00000000e+00]]
2024-10-23 14:23:08,513 - INFO - Cleaned data: shape=(176, 256, 256, 184), min=-9.296361923217773, max=9.063339233398438, mean=1.6489539768349548e-12
2024-10-23 14:23:08,579 - INFO - Memory usage after after loading and cleaning run: 16396.43 MB
2024-10-23 14:23:08,580 - INFO - Loading run 2 from /lab_data/behrmannlab/vlad/hemispace/sub-097/ses-01/derivatives/fsl/loc/run-02/1stLevel.feat/filtered_func_data_reg.nii.gz
2024-10-23 14:23:08,926 - INFO - Functional image: shape=(176, 256, 256, 184), affine=
[[ 9.99481261e-01 -1.82523690e-02  2.62780469e-02 -8.92434616e+01]
 [ 1.33199645e-02  9.84132349e-01  1.76935270e-01 -1.34768692e+02]
 [-2.90903654e-02 -1.76494658e-01  9.83871639e-01 -1.18845612e+02]
 [ 0.00000000e+00  0.00000000e+00  0.00000000e+00  1.00000000e+00]]
2024-10-23 14:23:43,339 - INFO - Generated mask: shape=(176, 256, 256), affine=
[[ 9.99481261e-01 -1.82523690e-02  2.62780469e-02 -8.92434616e+01]
 [ 1.33199645e-02  9.84132349e-01  1.76935270e-01 -1.34768692e+02]
 [-2.90903654e-02 -1.76494658e-01  9.83871639e-01 -1.18845612e+02]
 [ 0.00000000e+00  0.00000000e+00  0.00000000e+00  1.00000000e+00]]
2024-10-23 14:24:34,363 - INFO - Cleaned data: shape=(176, 256, 256, 184), min=-8.862598419189453, max=12.99193000793457, mean=4.141040654595518e-13
2024-10-23 14:24:34,440 - INFO - Memory usage after after loading and cleaning run: 32602.75 MB
2024-10-23 14:24:50,771 - INFO - Concatenated data shape: (176, 256, 256, 368)
2024-10-23 14:24:50,868 - INFO - Memory usage after after concatenating runs: 48794.75 MB
2024-10-23 14:28:01,320 - INFO - Creating Searchlight object for pIPS left...
2024-10-23 14:28:01,330 - INFO - Searchlight object created.
2024-10-23 14:28:01,330 - INFO - Distributing data...
2024-10-23 14:29:11,450 - INFO - Data distribution completed.
2024-10-23 14:29:11,466 - INFO - Broadcasting pIPS time series and psychological covariate...
2024-10-23 14:29:11,466 - INFO - Broadcasting completed.
2024-10-23 14:29:11,466 - INFO - Starting searchlight analysis...
2024-10-23 18:24:21,506 - INFO - Searchlight analysis completed.
2024-10-23 18:24:21,511 - INFO - Memory usage after after searchlight: 85057.21 MB
2024-10-23 18:24:23,707 - INFO - Saved searchlight result to /lab_data/behrmannlab/vlad/ptoc/sub-097/ses-01//derivatives/gca/searchlight_result_object_runs12_pIPS_left.nii.gz
2024-10-23 18:24:24,679 - INFO - Processing pIPS left for run combination [1, 3] for subject sub-097
2024-10-23 18:24:24,679 - INFO - Loading run 1 from /lab_data/behrmannlab/vlad/hemispace/sub-097/ses-01/derivatives/fsl/loc/run-01/1stLevel.feat/filtered_func_data_reg.nii.gz
2024-10-23 18:24:25,211 - INFO - Functional image: shape=(176, 256, 256, 184), affine=
[[ 9.99481261e-01 -1.82523690e-02  2.62780469e-02 -8.92434616e+01]
 [ 1.33199645e-02  9.84132349e-01  1.76935270e-01 -1.34768692e+02]
 [-2.90903654e-02 -1.76494658e-01  9.83871639e-01 -1.18845612e+02]
 [ 0.00000000e+00  0.00000000e+00  0.00000000e+00  1.00000000e+00]]
2024-10-23 18:25:08,987 - INFO - Generated mask: shape=(176, 256, 256), affine=
[[ 9.99481261e-01 -1.82523690e-02  2.62780469e-02 -8.92434616e+01]
 [ 1.33199645e-02  9.84132349e-01  1.76935270e-01 -1.34768692e+02]
 [-2.90903654e-02 -1.76494658e-01  9.83871639e-01 -1.18845612e+02]
 [ 0.00000000e+00  0.00000000e+00  0.00000000e+00  1.00000000e+00]]
2024-10-23 18:26:04,906 - INFO - Cleaned data: shape=(176, 256, 256, 184), min=-9.296361923217773, max=9.063339233398438, mean=1.6489539768349548e-12
2024-10-23 18:26:04,971 - INFO - Memory usage after after loading and cleaning run: 68017.32 MB
2024-10-23 18:26:05,017 - INFO - Loading run 3 from /lab_data/behrmannlab/vlad/hemispace/sub-097/ses-01/derivatives/fsl/loc/run-03/1stLevel.feat/filtered_func_data_reg.nii.gz
2024-10-23 18:26:05,606 - INFO - Functional image: shape=(176, 256, 256, 184), affine=
[[ 9.99481261e-01 -1.82523690e-02  2.62780469e-02 -8.92434616e+01]
 [ 1.33199645e-02  9.84132349e-01  1.76935270e-01 -1.34768692e+02]
 [-2.90903654e-02 -1.76494658e-01  9.83871639e-01 -1.18845612e+02]
 [ 0.00000000e+00  0.00000000e+00  0.00000000e+00  1.00000000e+00]]
2024-10-23 18:26:40,344 - INFO - Generated mask: shape=(176, 256, 256), affine=
[[ 9.99481261e-01 -1.82523690e-02  2.62780469e-02 -8.92434616e+01]
 [ 1.33199645e-02  9.84132349e-01  1.76935270e-01 -1.34768692e+02]
 [-2.90903654e-02 -1.76494658e-01  9.83871639e-01 -1.18845612e+02]
 [ 0.00000000e+00  0.00000000e+00  0.00000000e+00  1.00000000e+00]]
2024-10-23 18:27:35,948 - INFO - Cleaned data: shape=(176, 256, 256, 184), min=-10.599027633666992, max=11.925667762756348, mean=-3.081405911955532e-13
2024-10-23 18:27:35,994 - INFO - Memory usage after after loading and cleaning run: 67929.32 MB
2024-10-23 18:27:59,125 - INFO - Concatenated data shape: (176, 256, 256, 368)
2024-10-23 18:27:59,225 - INFO - Memory usage after after concatenating runs: 84121.32 MB
2024-10-23 18:32:25,673 - INFO - Creating Searchlight object for pIPS left...
2024-10-23 18:32:26,591 - INFO - Searchlight object created.
2024-10-23 18:32:26,591 - INFO - Distributing data...
2024-10-23 18:33:50,108 - INFO - Data distribution completed.
2024-10-23 18:33:50,129 - INFO - Broadcasting pIPS time series and psychological covariate...
2024-10-23 18:33:50,129 - INFO - Broadcasting completed.
2024-10-23 18:33:50,129 - INFO - Starting searchlight analysis...
2024-10-23 22:32:03,319 - INFO - Searchlight analysis completed.
2024-10-23 22:32:03,322 - INFO - Memory usage after after searchlight: 85036.83 MB
2024-10-23 22:32:05,711 - INFO - Saved searchlight result to /lab_data/behrmannlab/vlad/ptoc/sub-097/ses-01//derivatives/gca/searchlight_result_object_runs13_pIPS_left.nii.gz
2024-10-23 22:32:07,505 - INFO - Processing pIPS left for run combination [2, 3] for subject sub-097
2024-10-23 22:32:07,542 - INFO - Loading run 2 from /lab_data/behrmannlab/vlad/hemispace/sub-097/ses-01/derivatives/fsl/loc/run-02/1stLevel.feat/filtered_func_data_reg.nii.gz
2024-10-23 22:32:08,047 - INFO - Functional image: shape=(176, 256, 256, 184), affine=
[[ 9.99481261e-01 -1.82523690e-02  2.62780469e-02 -8.92434616e+01]
 [ 1.33199645e-02  9.84132349e-01  1.76935270e-01 -1.34768692e+02]
 [-2.90903654e-02 -1.76494658e-01  9.83871639e-01 -1.18845612e+02]
 [ 0.00000000e+00  0.00000000e+00  0.00000000e+00  1.00000000e+00]]
2024-10-23 22:32:44,526 - INFO - Generated mask: shape=(176, 256, 256), affine=
[[ 9.99481261e-01 -1.82523690e-02  2.62780469e-02 -8.92434616e+01]
 [ 1.33199645e-02  9.84132349e-01  1.76935270e-01 -1.34768692e+02]
 [-2.90903654e-02 -1.76494658e-01  9.83871639e-01 -1.18845612e+02]
 [ 0.00000000e+00  0.00000000e+00  0.00000000e+00  1.00000000e+00]]
2024-10-23 22:33:45,906 - INFO - Cleaned data: shape=(176, 256, 256, 184), min=-8.862598419189453, max=12.99193000793457, mean=4.141040654595518e-13
2024-10-23 22:33:45,992 - INFO - Memory usage after after loading and cleaning run: 67997.40 MB
2024-10-23 22:33:46,063 - INFO - Loading run 3 from /lab_data/behrmannlab/vlad/hemispace/sub-097/ses-01/derivatives/fsl/loc/run-03/1stLevel.feat/filtered_func_data_reg.nii.gz
2024-10-23 22:33:46,600 - INFO - Functional image: shape=(176, 256, 256, 184), affine=
[[ 9.99481261e-01 -1.82523690e-02  2.62780469e-02 -8.92434616e+01]
 [ 1.33199645e-02  9.84132349e-01  1.76935270e-01 -1.34768692e+02]
 [-2.90903654e-02 -1.76494658e-01  9.83871639e-01 -1.18845612e+02]
 [ 0.00000000e+00  0.00000000e+00  0.00000000e+00  1.00000000e+00]]
2024-10-23 22:34:22,934 - INFO - Generated mask: shape=(176, 256, 256), affine=
[[ 9.99481261e-01 -1.82523690e-02  2.62780469e-02 -8.92434616e+01]
 [ 1.33199645e-02  9.84132349e-01  1.76935270e-01 -1.34768692e+02]
 [-2.90903654e-02 -1.76494658e-01  9.83871639e-01 -1.18845612e+02]
 [ 0.00000000e+00  0.00000000e+00  0.00000000e+00  1.00000000e+00]]
2024-10-23 22:35:24,249 - INFO - Cleaned data: shape=(176, 256, 256, 184), min=-10.599027633666992, max=11.925667762756348, mean=-3.081405911955532e-13
2024-10-23 22:35:24,314 - INFO - Memory usage after after loading and cleaning run: 68008.42 MB
2024-10-23 22:35:47,765 - INFO - Concatenated data shape: (176, 256, 256, 368)
2024-10-23 22:35:47,856 - INFO - Memory usage after after concatenating runs: 84200.42 MB
2024-10-23 22:39:57,779 - INFO - Creating Searchlight object for pIPS left...
2024-10-23 22:39:59,056 - INFO - Searchlight object created.
2024-10-23 22:39:59,056 - INFO - Distributing data...
2024-10-23 22:41:30,334 - INFO - Data distribution completed.
2024-10-23 22:41:30,335 - INFO - Broadcasting pIPS time series and psychological covariate...
2024-10-23 22:41:30,335 - INFO - Broadcasting completed.
2024-10-23 22:41:30,335 - INFO - Starting searchlight analysis...
2024-10-24 02:39:25,251 - INFO - Searchlight analysis completed.
2024-10-24 02:39:25,253 - INFO - Memory usage after after searchlight: 85179.24 MB
2024-10-24 02:39:27,277 - INFO - Saved searchlight result to /lab_data/behrmannlab/vlad/ptoc/sub-097/ses-01//derivatives/gca/searchlight_result_object_runs23_pIPS_left.nii.gz
2024-10-24 02:39:28,882 - INFO - Processing pIPS right for run combination [1, 2] for subject sub-097
2024-10-24 02:39:28,939 - INFO - Loading run 1 from /lab_data/behrmannlab/vlad/hemispace/sub-097/ses-01/derivatives/fsl/loc/run-01/1stLevel.feat/filtered_func_data_reg.nii.gz
2024-10-24 02:39:29,323 - INFO - Functional image: shape=(176, 256, 256, 184), affine=
[[ 9.99481261e-01 -1.82523690e-02  2.62780469e-02 -8.92434616e+01]
 [ 1.33199645e-02  9.84132349e-01  1.76935270e-01 -1.34768692e+02]
 [-2.90903654e-02 -1.76494658e-01  9.83871639e-01 -1.18845612e+02]
 [ 0.00000000e+00  0.00000000e+00  0.00000000e+00  1.00000000e+00]]
2024-10-24 02:40:06,288 - INFO - Generated mask: shape=(176, 256, 256), affine=
[[ 9.99481261e-01 -1.82523690e-02  2.62780469e-02 -8.92434616e+01]
 [ 1.33199645e-02  9.84132349e-01  1.76935270e-01 -1.34768692e+02]
 [-2.90903654e-02 -1.76494658e-01  9.83871639e-01 -1.18845612e+02]
 [ 0.00000000e+00  0.00000000e+00  0.00000000e+00  1.00000000e+00]]
2024-10-24 02:41:08,250 - INFO - Cleaned data: shape=(176, 256, 256, 184), min=-9.296361923217773, max=9.063339233398438, mean=1.6489539768349548e-12
2024-10-24 02:41:08,297 - INFO - Memory usage after after loading and cleaning run: 68139.42 MB
2024-10-24 02:41:08,339 - INFO - Loading run 2 from /lab_data/behrmannlab/vlad/hemispace/sub-097/ses-01/derivatives/fsl/loc/run-02/1stLevel.feat/filtered_func_data_reg.nii.gz
2024-10-24 02:41:08,485 - INFO - Functional image: shape=(176, 256, 256, 184), affine=
[[ 9.99481261e-01 -1.82523690e-02  2.62780469e-02 -8.92434616e+01]
 [ 1.33199645e-02  9.84132349e-01  1.76935270e-01 -1.34768692e+02]
 [-2.90903654e-02 -1.76494658e-01  9.83871639e-01 -1.18845612e+02]
 [ 0.00000000e+00  0.00000000e+00  0.00000000e+00  1.00000000e+00]]
2024-10-24 02:41:43,934 - INFO - Generated mask: shape=(176, 256, 256), affine=
[[ 9.99481261e-01 -1.82523690e-02  2.62780469e-02 -8.92434616e+01]
 [ 1.33199645e-02  9.84132349e-01  1.76935270e-01 -1.34768692e+02]
 [-2.90903654e-02 -1.76494658e-01  9.83871639e-01 -1.18845612e+02]
 [ 0.00000000e+00  0.00000000e+00  0.00000000e+00  1.00000000e+00]]
2024-10-24 02:42:44,961 - INFO - Cleaned data: shape=(176, 256, 256, 184), min=-8.862598419189453, max=12.99193000793457, mean=4.141040654595518e-13
2024-10-24 02:42:45,008 - INFO - Memory usage after after loading and cleaning run: 68141.42 MB
2024-10-24 02:43:07,901 - INFO - Concatenated data shape: (176, 256, 256, 368)
2024-10-24 02:43:07,986 - INFO - Memory usage after after concatenating runs: 84333.42 MB
2024-10-24 02:47:18,827 - INFO - Creating Searchlight object for pIPS right...
2024-10-24 02:47:18,846 - INFO - Searchlight object created.
2024-10-24 02:47:18,846 - INFO - Distributing data...
2024-10-24 02:48:33,367 - INFO - Data distribution completed.
2024-10-24 02:48:33,368 - INFO - Broadcasting pIPS time series and psychological covariate...
2024-10-24 02:48:33,368 - INFO - Broadcasting completed.
2024-10-24 02:48:33,368 - INFO - Starting searchlight analysis...
2024-10-24 06:45:39,566 - INFO - Searchlight analysis completed.
2024-10-24 06:45:39,567 - INFO - Memory usage after after searchlight: 85127.92 MB
2024-10-24 06:45:41,499 - INFO - Saved searchlight result to /lab_data/behrmannlab/vlad/ptoc/sub-097/ses-01//derivatives/gca/searchlight_result_object_runs12_pIPS_right.nii.gz
2024-10-24 06:45:43,019 - INFO - Processing pIPS right for run combination [1, 3] for subject sub-097
2024-10-24 06:45:43,022 - INFO - Loading run 1 from /lab_data/behrmannlab/vlad/hemispace/sub-097/ses-01/derivatives/fsl/loc/run-01/1stLevel.feat/filtered_func_data_reg.nii.gz
2024-10-24 06:45:43,506 - INFO - Functional image: shape=(176, 256, 256, 184), affine=
[[ 9.99481261e-01 -1.82523690e-02  2.62780469e-02 -8.92434616e+01]
 [ 1.33199645e-02  9.84132349e-01  1.76935270e-01 -1.34768692e+02]
 [-2.90903654e-02 -1.76494658e-01  9.83871639e-01 -1.18845612e+02]
 [ 0.00000000e+00  0.00000000e+00  0.00000000e+00  1.00000000e+00]]
2024-10-24 06:46:27,623 - INFO - Generated mask: shape=(176, 256, 256), affine=
[[ 9.99481261e-01 -1.82523690e-02  2.62780469e-02 -8.92434616e+01]
 [ 1.33199645e-02  9.84132349e-01  1.76935270e-01 -1.34768692e+02]
 [-2.90903654e-02 -1.76494658e-01  9.83871639e-01 -1.18845612e+02]
 [ 0.00000000e+00  0.00000000e+00  0.00000000e+00  1.00000000e+00]]
2024-10-24 06:47:47,623 - INFO - Cleaned data: shape=(176, 256, 256, 184), min=-9.296361923217773, max=9.063339233398438, mean=1.6489539768349548e-12
2024-10-24 06:47:47,669 - INFO - Memory usage after after loading and cleaning run: 68087.49 MB
2024-10-24 06:47:47,715 - INFO - Loading run 3 from /lab_data/behrmannlab/vlad/hemispace/sub-097/ses-01/derivatives/fsl/loc/run-03/1stLevel.feat/filtered_func_data_reg.nii.gz
2024-10-24 06:47:47,979 - INFO - Functional image: shape=(176, 256, 256, 184), affine=
[[ 9.99481261e-01 -1.82523690e-02  2.62780469e-02 -8.92434616e+01]
 [ 1.33199645e-02  9.84132349e-01  1.76935270e-01 -1.34768692e+02]
 [-2.90903654e-02 -1.76494658e-01  9.83871639e-01 -1.18845612e+02]
 [ 0.00000000e+00  0.00000000e+00  0.00000000e+00  1.00000000e+00]]
2024-10-24 06:48:24,681 - INFO - Generated mask: shape=(176, 256, 256), affine=
[[ 9.99481261e-01 -1.82523690e-02  2.62780469e-02 -8.92434616e+01]
 [ 1.33199645e-02  9.84132349e-01  1.76935270e-01 -1.34768692e+02]
 [-2.90903654e-02 -1.76494658e-01  9.83871639e-01 -1.18845612e+02]
 [ 0.00000000e+00  0.00000000e+00  0.00000000e+00  1.00000000e+00]]
2024-10-24 06:49:38,649 - INFO - Cleaned data: shape=(176, 256, 256, 184), min=-10.599027633666992, max=11.925667762756348, mean=-3.081405911955532e-13
2024-10-24 06:49:38,696 - INFO - Memory usage after after loading and cleaning run: 68087.49 MB
2024-10-24 06:50:06,751 - INFO - Concatenated data shape: (176, 256, 256, 368)
2024-10-24 06:50:07,403 - INFO - Memory usage after after concatenating runs: 84279.49 MB
2024-10-24 06:54:38,623 - INFO - Creating Searchlight object for pIPS right...
2024-10-24 06:54:39,413 - INFO - Searchlight object created.
2024-10-24 06:54:39,413 - INFO - Distributing data...
2024-10-24 06:55:54,452 - INFO - Data distribution completed.
2024-10-24 06:55:54,452 - INFO - Broadcasting pIPS time series and psychological covariate...
2024-10-24 06:55:54,453 - INFO - Broadcasting completed.
2024-10-24 06:55:54,453 - INFO - Starting searchlight analysis...
2024-10-24 10:53:51,978 - INFO - Searchlight analysis completed.
2024-10-24 10:53:51,980 - INFO - Memory usage after after searchlight: 85213.22 MB
2024-10-24 10:53:53,964 - INFO - Saved searchlight result to /lab_data/behrmannlab/vlad/ptoc/sub-097/ses-01//derivatives/gca/searchlight_result_object_runs13_pIPS_right.nii.gz
2024-10-24 10:53:55,764 - INFO - Processing pIPS right for run combination [2, 3] for subject sub-097
2024-10-24 10:53:55,803 - INFO - Loading run 2 from /lab_data/behrmannlab/vlad/hemispace/sub-097/ses-01/derivatives/fsl/loc/run-02/1stLevel.feat/filtered_func_data_reg.nii.gz
2024-10-24 10:53:56,088 - INFO - Functional image: shape=(176, 256, 256, 184), affine=
[[ 9.99481261e-01 -1.82523690e-02  2.62780469e-02 -8.92434616e+01]
 [ 1.33199645e-02  9.84132349e-01  1.76935270e-01 -1.34768692e+02]
 [-2.90903654e-02 -1.76494658e-01  9.83871639e-01 -1.18845612e+02]
 [ 0.00000000e+00  0.00000000e+00  0.00000000e+00  1.00000000e+00]]
2024-10-24 10:54:33,009 - INFO - Generated mask: shape=(176, 256, 256), affine=
[[ 9.99481261e-01 -1.82523690e-02  2.62780469e-02 -8.92434616e+01]
 [ 1.33199645e-02  9.84132349e-01  1.76935270e-01 -1.34768692e+02]
 [-2.90903654e-02 -1.76494658e-01  9.83871639e-01 -1.18845612e+02]
 [ 0.00000000e+00  0.00000000e+00  0.00000000e+00  1.00000000e+00]]
2024-10-24 10:55:35,533 - INFO - Cleaned data: shape=(176, 256, 256, 184), min=-8.862598419189453, max=12.99193000793457, mean=4.141040654595518e-13
2024-10-24 10:55:35,579 - INFO - Memory usage after after loading and cleaning run: 68172.36 MB
2024-10-24 10:55:35,676 - INFO - Loading run 3 from /lab_data/behrmannlab/vlad/hemispace/sub-097/ses-01/derivatives/fsl/loc/run-03/1stLevel.feat/filtered_func_data_reg.nii.gz
2024-10-24 10:55:35,976 - INFO - Functional image: shape=(176, 256, 256, 184), affine=
[[ 9.99481261e-01 -1.82523690e-02  2.62780469e-02 -8.92434616e+01]
 [ 1.33199645e-02  9.84132349e-01  1.76935270e-01 -1.34768692e+02]
 [-2.90903654e-02 -1.76494658e-01  9.83871639e-01 -1.18845612e+02]
 [ 0.00000000e+00  0.00000000e+00  0.00000000e+00  1.00000000e+00]]
2024-10-24 10:56:11,823 - INFO - Generated mask: shape=(176, 256, 256), affine=
[[ 9.99481261e-01 -1.82523690e-02  2.62780469e-02 -8.92434616e+01]
 [ 1.33199645e-02  9.84132349e-01  1.76935270e-01 -1.34768692e+02]
 [-2.90903654e-02 -1.76494658e-01  9.83871639e-01 -1.18845612e+02]
 [ 0.00000000e+00  0.00000000e+00  0.00000000e+00  1.00000000e+00]]
2024-10-24 10:57:12,723 - INFO - Cleaned data: shape=(176, 256, 256, 184), min=-10.599027633666992, max=11.925667762756348, mean=-3.081405911955532e-13
2024-10-24 10:57:12,769 - INFO - Memory usage after after loading and cleaning run: 68172.36 MB
2024-10-24 10:57:40,299 - INFO - Concatenated data shape: (176, 256, 256, 368)
2024-10-24 10:57:40,874 - INFO - Memory usage after after concatenating runs: 84364.36 MB
2024-10-24 11:02:08,650 - INFO - Creating Searchlight object for pIPS right...
2024-10-24 11:02:08,664 - INFO - Searchlight object created.
2024-10-24 11:02:08,664 - INFO - Distributing data...
2024-10-24 11:03:14,092 - INFO - Data distribution completed.
2024-10-24 11:03:14,093 - INFO - Broadcasting pIPS time series and psychological covariate...
2024-10-24 11:03:14,093 - INFO - Broadcasting completed.
2024-10-24 11:03:14,093 - INFO - Starting searchlight analysis...
2024-10-24 15:02:53,274 - INFO - Searchlight analysis completed.
2024-10-24 15:02:53,276 - INFO - Memory usage after after searchlight: 85213.48 MB
2024-10-24 15:02:55,410 - INFO - Saved searchlight result to /lab_data/behrmannlab/vlad/ptoc/sub-097/ses-01//derivatives/gca/searchlight_result_object_runs23_pIPS_right.nii.gz
2024-10-24 15:02:57,364 - INFO - Processing LO left for run combination [1, 2] for subject sub-097
2024-10-24 15:02:57,366 - INFO - Loading run 1 from /lab_data/behrmannlab/vlad/hemispace/sub-097/ses-01/derivatives/fsl/loc/run-01/1stLevel.feat/filtered_func_data_reg.nii.gz
2024-10-24 15:02:57,740 - INFO - Functional image: shape=(176, 256, 256, 184), affine=
[[ 9.99481261e-01 -1.82523690e-02  2.62780469e-02 -8.92434616e+01]
 [ 1.33199645e-02  9.84132349e-01  1.76935270e-01 -1.34768692e+02]
 [-2.90903654e-02 -1.76494658e-01  9.83871639e-01 -1.18845612e+02]
 [ 0.00000000e+00  0.00000000e+00  0.00000000e+00  1.00000000e+00]]
2024-10-24 15:03:34,336 - INFO - Generated mask: shape=(176, 256, 256), affine=
[[ 9.99481261e-01 -1.82523690e-02  2.62780469e-02 -8.92434616e+01]
 [ 1.33199645e-02  9.84132349e-01  1.76935270e-01 -1.34768692e+02]
 [-2.90903654e-02 -1.76494658e-01  9.83871639e-01 -1.18845612e+02]
 [ 0.00000000e+00  0.00000000e+00  0.00000000e+00  1.00000000e+00]]
2024-10-24 15:04:38,636 - INFO - Cleaned data: shape=(176, 256, 256, 184), min=-9.296361923217773, max=9.063339233398438, mean=1.6489539768349548e-12
2024-10-24 15:04:38,682 - INFO - Memory usage after after loading and cleaning run: 68172.62 MB
2024-10-24 15:04:38,845 - INFO - Loading run 2 from /lab_data/behrmannlab/vlad/hemispace/sub-097/ses-01/derivatives/fsl/loc/run-02/1stLevel.feat/filtered_func_data_reg.nii.gz
2024-10-24 15:04:38,983 - INFO - Functional image: shape=(176, 256, 256, 184), affine=
[[ 9.99481261e-01 -1.82523690e-02  2.62780469e-02 -8.92434616e+01]
 [ 1.33199645e-02  9.84132349e-01  1.76935270e-01 -1.34768692e+02]
 [-2.90903654e-02 -1.76494658e-01  9.83871639e-01 -1.18845612e+02]
 [ 0.00000000e+00  0.00000000e+00  0.00000000e+00  1.00000000e+00]]
2024-10-24 15:05:14,702 - INFO - Generated mask: shape=(176, 256, 256), affine=
[[ 9.99481261e-01 -1.82523690e-02  2.62780469e-02 -8.92434616e+01]
 [ 1.33199645e-02  9.84132349e-01  1.76935270e-01 -1.34768692e+02]
 [-2.90903654e-02 -1.76494658e-01  9.83871639e-01 -1.18845612e+02]
 [ 0.00000000e+00  0.00000000e+00  0.00000000e+00  1.00000000e+00]]
2024-10-24 15:06:15,871 - INFO - Cleaned data: shape=(176, 256, 256, 184), min=-8.862598419189453, max=12.99193000793457, mean=4.141040654595518e-13
2024-10-24 15:06:15,918 - INFO - Memory usage after after loading and cleaning run: 68172.62 MB
2024-10-24 15:06:45,167 - INFO - Concatenated data shape: (176, 256, 256, 368)
2024-10-24 15:06:45,817 - INFO - Memory usage after after concatenating runs: 84364.62 MB
2024-10-24 15:11:12,372 - INFO - Creating Searchlight object for LO left...
2024-10-24 15:11:13,066 - INFO - Searchlight object created.
2024-10-24 15:11:13,066 - INFO - Distributing data...
2024-10-24 15:12:20,684 - INFO - Data distribution completed.
2024-10-24 15:12:20,691 - INFO - Broadcasting LO time series and psychological covariate...
2024-10-24 15:12:20,692 - INFO - Broadcasting completed.
2024-10-24 15:12:20,692 - INFO - Starting searchlight analysis...
2024-10-24 19:12:46,739 - INFO - Searchlight analysis completed.
2024-10-24 19:12:46,741 - INFO - Memory usage after after searchlight: 85121.10 MB
2024-10-24 19:12:48,711 - INFO - Saved searchlight result to /lab_data/behrmannlab/vlad/ptoc/sub-097/ses-01//derivatives/gca/searchlight_result_object_runs12_LO_left.nii.gz
2024-10-24 19:12:50,720 - INFO - Processing LO left for run combination [1, 3] for subject sub-097
2024-10-24 19:12:50,721 - INFO - Loading run 1 from /lab_data/behrmannlab/vlad/hemispace/sub-097/ses-01/derivatives/fsl/loc/run-01/1stLevel.feat/filtered_func_data_reg.nii.gz
2024-10-24 19:12:50,995 - INFO - Functional image: shape=(176, 256, 256, 184), affine=
[[ 9.99481261e-01 -1.82523690e-02  2.62780469e-02 -8.92434616e+01]
 [ 1.33199645e-02  9.84132349e-01  1.76935270e-01 -1.34768692e+02]
 [-2.90903654e-02 -1.76494658e-01  9.83871639e-01 -1.18845612e+02]
 [ 0.00000000e+00  0.00000000e+00  0.00000000e+00  1.00000000e+00]]
2024-10-24 19:13:27,897 - INFO - Generated mask: shape=(176, 256, 256), affine=
[[ 9.99481261e-01 -1.82523690e-02  2.62780469e-02 -8.92434616e+01]
 [ 1.33199645e-02  9.84132349e-01  1.76935270e-01 -1.34768692e+02]
 [-2.90903654e-02 -1.76494658e-01  9.83871639e-01 -1.18845612e+02]
 [ 0.00000000e+00  0.00000000e+00  0.00000000e+00  1.00000000e+00]]
2024-10-24 19:14:30,262 - INFO - Cleaned data: shape=(176, 256, 256, 184), min=-9.296361923217773, max=9.063339233398438, mean=1.6489539768349548e-12
2024-10-24 19:14:30,308 - INFO - Memory usage after after loading and cleaning run: 68080.42 MB
2024-10-24 19:14:30,572 - INFO - Loading run 3 from /lab_data/behrmannlab/vlad/hemispace/sub-097/ses-01/derivatives/fsl/loc/run-03/1stLevel.feat/filtered_func_data_reg.nii.gz
2024-10-24 19:14:30,691 - INFO - Functional image: shape=(176, 256, 256, 184), affine=
[[ 9.99481261e-01 -1.82523690e-02  2.62780469e-02 -8.92434616e+01]
 [ 1.33199645e-02  9.84132349e-01  1.76935270e-01 -1.34768692e+02]
 [-2.90903654e-02 -1.76494658e-01  9.83871639e-01 -1.18845612e+02]
 [ 0.00000000e+00  0.00000000e+00  0.00000000e+00  1.00000000e+00]]
2024-10-24 19:15:06,099 - INFO - Generated mask: shape=(176, 256, 256), affine=
[[ 9.99481261e-01 -1.82523690e-02  2.62780469e-02 -8.92434616e+01]
 [ 1.33199645e-02  9.84132349e-01  1.76935270e-01 -1.34768692e+02]
 [-2.90903654e-02 -1.76494658e-01  9.83871639e-01 -1.18845612e+02]
 [ 0.00000000e+00  0.00000000e+00  0.00000000e+00  1.00000000e+00]]
2024-10-24 19:16:07,910 - INFO - Cleaned data: shape=(176, 256, 256, 184), min=-10.599027633666992, max=11.925667762756348, mean=-3.081405911955532e-13
2024-10-24 19:16:07,957 - INFO - Memory usage after after loading and cleaning run: 68080.42 MB
2024-10-24 19:16:37,259 - INFO - Concatenated data shape: (176, 256, 256, 368)
2024-10-24 19:16:37,912 - INFO - Memory usage after after concatenating runs: 84272.42 MB
2024-10-24 19:21:02,977 - INFO - Creating Searchlight object for LO left...
2024-10-24 19:21:03,155 - INFO - Searchlight object created.
2024-10-24 19:21:03,155 - INFO - Distributing data...
2024-10-24 19:22:10,346 - INFO - Data distribution completed.
2024-10-24 19:22:10,347 - INFO - Broadcasting LO time series and psychological covariate...
2024-10-24 19:22:10,347 - INFO - Broadcasting completed.
2024-10-24 19:22:10,347 - INFO - Starting searchlight analysis...
2024-10-24 23:22:32,351 - INFO - Searchlight analysis completed.
2024-10-24 23:22:32,353 - INFO - Memory usage after after searchlight: 85212.19 MB
2024-10-24 23:22:34,208 - INFO - Saved searchlight result to /lab_data/behrmannlab/vlad/ptoc/sub-097/ses-01//derivatives/gca/searchlight_result_object_runs13_LO_left.nii.gz
2024-10-24 23:22:36,370 - INFO - Processing LO left for run combination [2, 3] for subject sub-097
2024-10-24 23:22:36,382 - INFO - Loading run 2 from /lab_data/behrmannlab/vlad/hemispace/sub-097/ses-01/derivatives/fsl/loc/run-02/1stLevel.feat/filtered_func_data_reg.nii.gz
2024-10-24 23:22:36,652 - INFO - Functional image: shape=(176, 256, 256, 184), affine=
[[ 9.99481261e-01 -1.82523690e-02  2.62780469e-02 -8.92434616e+01]
 [ 1.33199645e-02  9.84132349e-01  1.76935270e-01 -1.34768692e+02]
 [-2.90903654e-02 -1.76494658e-01  9.83871639e-01 -1.18845612e+02]
 [ 0.00000000e+00  0.00000000e+00  0.00000000e+00  1.00000000e+00]]
2024-10-24 23:23:12,202 - INFO - Generated mask: shape=(176, 256, 256), affine=
[[ 9.99481261e-01 -1.82523690e-02  2.62780469e-02 -8.92434616e+01]
 [ 1.33199645e-02  9.84132349e-01  1.76935270e-01 -1.34768692e+02]
 [-2.90903654e-02 -1.76494658e-01  9.83871639e-01 -1.18845612e+02]
 [ 0.00000000e+00  0.00000000e+00  0.00000000e+00  1.00000000e+00]]
2024-10-24 23:24:09,643 - INFO - Cleaned data: shape=(176, 256, 256, 184), min=-8.862598419189453, max=12.99193000793457, mean=4.141040654595518e-13
2024-10-24 23:24:09,689 - INFO - Memory usage after after loading and cleaning run: 68172.29 MB
2024-10-24 23:24:10,020 - INFO - Loading run 3 from /lab_data/behrmannlab/vlad/hemispace/sub-097/ses-01/derivatives/fsl/loc/run-03/1stLevel.feat/filtered_func_data_reg.nii.gz
2024-10-24 23:24:10,134 - INFO - Functional image: shape=(176, 256, 256, 184), affine=
[[ 9.99481261e-01 -1.82523690e-02  2.62780469e-02 -8.92434616e+01]
 [ 1.33199645e-02  9.84132349e-01  1.76935270e-01 -1.34768692e+02]
 [-2.90903654e-02 -1.76494658e-01  9.83871639e-01 -1.18845612e+02]
 [ 0.00000000e+00  0.00000000e+00  0.00000000e+00  1.00000000e+00]]
2024-10-24 23:24:45,046 - INFO - Generated mask: shape=(176, 256, 256), affine=
[[ 9.99481261e-01 -1.82523690e-02  2.62780469e-02 -8.92434616e+01]
 [ 1.33199645e-02  9.84132349e-01  1.76935270e-01 -1.34768692e+02]
 [-2.90903654e-02 -1.76494658e-01  9.83871639e-01 -1.18845612e+02]
 [ 0.00000000e+00  0.00000000e+00  0.00000000e+00  1.00000000e+00]]
2024-10-24 23:25:42,217 - INFO - Cleaned data: shape=(176, 256, 256, 184), min=-10.599027633666992, max=11.925667762756348, mean=-3.081405911955532e-13
2024-10-24 23:25:42,264 - INFO - Memory usage after after loading and cleaning run: 68172.29 MB
2024-10-24 23:26:13,241 - INFO - Concatenated data shape: (176, 256, 256, 368)
2024-10-24 23:26:13,960 - INFO - Memory usage after after concatenating runs: 84364.29 MB
2024-10-24 23:30:37,607 - INFO - Creating Searchlight object for LO left...
2024-10-24 23:30:37,627 - INFO - Searchlight object created.
2024-10-24 23:30:37,627 - INFO - Distributing data...
2024-10-24 23:31:37,324 - INFO - Data distribution completed.
2024-10-24 23:31:37,325 - INFO - Broadcasting LO time series and psychological covariate...
2024-10-24 23:31:37,325 - INFO - Broadcasting completed.
2024-10-24 23:31:37,325 - INFO - Starting searchlight analysis...
2024-10-25 03:30:10,678 - INFO - Searchlight analysis completed.
2024-10-25 03:30:10,680 - INFO - Memory usage after after searchlight: 85214.37 MB
2024-10-25 03:30:12,601 - INFO - Saved searchlight result to /lab_data/behrmannlab/vlad/ptoc/sub-097/ses-01//derivatives/gca/searchlight_result_object_runs23_LO_left.nii.gz
2024-10-25 03:30:14,529 - INFO - Processing LO right for run combination [1, 2] for subject sub-097
2024-10-25 03:30:14,529 - INFO - Loading run 1 from /lab_data/behrmannlab/vlad/hemispace/sub-097/ses-01/derivatives/fsl/loc/run-01/1stLevel.feat/filtered_func_data_reg.nii.gz
2024-10-25 03:30:14,801 - INFO - Functional image: shape=(176, 256, 256, 184), affine=
[[ 9.99481261e-01 -1.82523690e-02  2.62780469e-02 -8.92434616e+01]
 [ 1.33199645e-02  9.84132349e-01  1.76935270e-01 -1.34768692e+02]
 [-2.90903654e-02 -1.76494658e-01  9.83871639e-01 -1.18845612e+02]
 [ 0.00000000e+00  0.00000000e+00  0.00000000e+00  1.00000000e+00]]
2024-10-25 03:30:50,262 - INFO - Generated mask: shape=(176, 256, 256), affine=
[[ 9.99481261e-01 -1.82523690e-02  2.62780469e-02 -8.92434616e+01]
 [ 1.33199645e-02  9.84132349e-01  1.76935270e-01 -1.34768692e+02]
 [-2.90903654e-02 -1.76494658e-01  9.83871639e-01 -1.18845612e+02]
 [ 0.00000000e+00  0.00000000e+00  0.00000000e+00  1.00000000e+00]]
2024-10-25 03:31:46,506 - INFO - Cleaned data: shape=(176, 256, 256, 184), min=-9.296361923217773, max=9.063339233398438, mean=1.6489539768349548e-12
2024-10-25 03:31:46,568 - INFO - Memory usage after after loading and cleaning run: 68173.75 MB
2024-10-25 03:31:47,029 - INFO - Loading run 2 from /lab_data/behrmannlab/vlad/hemispace/sub-097/ses-01/derivatives/fsl/loc/run-02/1stLevel.feat/filtered_func_data_reg.nii.gz
2024-10-25 03:31:47,108 - INFO - Functional image: shape=(176, 256, 256, 184), affine=
[[ 9.99481261e-01 -1.82523690e-02  2.62780469e-02 -8.92434616e+01]
 [ 1.33199645e-02  9.84132349e-01  1.76935270e-01 -1.34768692e+02]
 [-2.90903654e-02 -1.76494658e-01  9.83871639e-01 -1.18845612e+02]
 [ 0.00000000e+00  0.00000000e+00  0.00000000e+00  1.00000000e+00]]
2024-10-25 03:32:22,168 - INFO - Generated mask: shape=(176, 256, 256), affine=
[[ 9.99481261e-01 -1.82523690e-02  2.62780469e-02 -8.92434616e+01]
 [ 1.33199645e-02  9.84132349e-01  1.76935270e-01 -1.34768692e+02]
 [-2.90903654e-02 -1.76494658e-01  9.83871639e-01 -1.18845612e+02]
 [ 0.00000000e+00  0.00000000e+00  0.00000000e+00  1.00000000e+00]]
2024-10-25 03:33:19,448 - INFO - Cleaned data: shape=(176, 256, 256, 184), min=-8.862598419189453, max=12.99193000793457, mean=4.141040654595518e-13
2024-10-25 03:33:19,494 - INFO - Memory usage after after loading and cleaning run: 68173.75 MB
2024-10-25 03:33:50,816 - INFO - Concatenated data shape: (176, 256, 256, 368)
2024-10-25 03:33:51,496 - INFO - Memory usage after after concatenating runs: 84365.75 MB
2024-10-25 03:38:13,523 - INFO - Creating Searchlight object for LO right...
2024-10-25 03:38:13,549 - INFO - Searchlight object created.
2024-10-25 03:38:13,549 - INFO - Distributing data...
2024-10-25 03:39:11,617 - INFO - Data distribution completed.
2024-10-25 03:39:11,618 - INFO - Broadcasting LO time series and psychological covariate...
2024-10-25 03:39:11,618 - INFO - Broadcasting completed.
2024-10-25 03:39:11,618 - INFO - Starting searchlight analysis...
2024-10-25 07:38:56,126 - INFO - Searchlight analysis completed.
2024-10-25 07:38:56,128 - INFO - Memory usage after after searchlight: 85213.93 MB
2024-10-25 07:38:58,006 - INFO - Saved searchlight result to /lab_data/behrmannlab/vlad/ptoc/sub-097/ses-01//derivatives/gca/searchlight_result_object_runs12_LO_right.nii.gz
2024-10-25 07:39:00,096 - INFO - Processing LO right for run combination [1, 3] for subject sub-097
2024-10-25 07:39:00,096 - INFO - Loading run 1 from /lab_data/behrmannlab/vlad/hemispace/sub-097/ses-01/derivatives/fsl/loc/run-01/1stLevel.feat/filtered_func_data_reg.nii.gz
2024-10-25 07:39:00,330 - INFO - Functional image: shape=(176, 256, 256, 184), affine=
[[ 9.99481261e-01 -1.82523690e-02  2.62780469e-02 -8.92434616e+01]
 [ 1.33199645e-02  9.84132349e-01  1.76935270e-01 -1.34768692e+02]
 [-2.90903654e-02 -1.76494658e-01  9.83871639e-01 -1.18845612e+02]
 [ 0.00000000e+00  0.00000000e+00  0.00000000e+00  1.00000000e+00]]
2024-10-25 07:39:35,872 - INFO - Generated mask: shape=(176, 256, 256), affine=
[[ 9.99481261e-01 -1.82523690e-02  2.62780469e-02 -8.92434616e+01]
 [ 1.33199645e-02  9.84132349e-01  1.76935270e-01 -1.34768692e+02]
 [-2.90903654e-02 -1.76494658e-01  9.83871639e-01 -1.18845612e+02]
 [ 0.00000000e+00  0.00000000e+00  0.00000000e+00  1.00000000e+00]]
2024-10-25 07:40:32,157 - INFO - Cleaned data: shape=(176, 256, 256, 184), min=-9.296361923217773, max=9.063339233398438, mean=1.6489539768349548e-12
2024-10-25 07:40:32,204 - INFO - Memory usage after after loading and cleaning run: 68173.25 MB
2024-10-25 07:40:32,763 - INFO - Loading run 3 from /lab_data/behrmannlab/vlad/hemispace/sub-097/ses-01/derivatives/fsl/loc/run-03/1stLevel.feat/filtered_func_data_reg.nii.gz
2024-10-25 07:40:32,945 - INFO - Functional image: shape=(176, 256, 256, 184), affine=
[[ 9.99481261e-01 -1.82523690e-02  2.62780469e-02 -8.92434616e+01]
 [ 1.33199645e-02  9.84132349e-01  1.76935270e-01 -1.34768692e+02]
 [-2.90903654e-02 -1.76494658e-01  9.83871639e-01 -1.18845612e+02]
 [ 0.00000000e+00  0.00000000e+00  0.00000000e+00  1.00000000e+00]]
2024-10-25 07:41:08,253 - INFO - Generated mask: shape=(176, 256, 256), affine=
[[ 9.99481261e-01 -1.82523690e-02  2.62780469e-02 -8.92434616e+01]
 [ 1.33199645e-02  9.84132349e-01  1.76935270e-01 -1.34768692e+02]
 [-2.90903654e-02 -1.76494658e-01  9.83871639e-01 -1.18845612e+02]
 [ 0.00000000e+00  0.00000000e+00  0.00000000e+00  1.00000000e+00]]
2024-10-25 07:42:05,780 - INFO - Cleaned data: shape=(176, 256, 256, 184), min=-10.599027633666992, max=11.925667762756348, mean=-3.081405911955532e-13
2024-10-25 07:42:05,826 - INFO - Memory usage after after loading and cleaning run: 68173.25 MB
2024-10-25 07:42:37,427 - INFO - Concatenated data shape: (176, 256, 256, 368)
2024-10-25 07:42:38,077 - INFO - Memory usage after after concatenating runs: 84365.25 MB
2024-10-25 07:46:59,702 - INFO - Creating Searchlight object for LO right...
2024-10-25 07:46:59,715 - INFO - Searchlight object created.
2024-10-25 07:46:59,715 - INFO - Distributing data...
2024-10-25 07:47:57,151 - INFO - Data distribution completed.
2024-10-25 07:47:57,152 - INFO - Broadcasting LO time series and psychological covariate...
2024-10-25 07:47:57,152 - INFO - Broadcasting completed.
2024-10-25 07:47:57,152 - INFO - Starting searchlight analysis...
2024-10-25 11:47:01,546 - INFO - Searchlight analysis completed.
2024-10-25 11:47:01,547 - INFO - Memory usage after after searchlight: 85221.49 MB
2024-10-25 11:47:08,746 - INFO - Saved searchlight result to /lab_data/behrmannlab/vlad/ptoc/sub-097/ses-01//derivatives/gca/searchlight_result_object_runs13_LO_right.nii.gz
2024-10-25 11:47:10,908 - INFO - Processing LO right for run combination [2, 3] for subject sub-097
2024-10-25 11:47:10,908 - INFO - Loading run 2 from /lab_data/behrmannlab/vlad/hemispace/sub-097/ses-01/derivatives/fsl/loc/run-02/1stLevel.feat/filtered_func_data_reg.nii.gz
2024-10-25 11:47:11,091 - INFO - Functional image: shape=(176, 256, 256, 184), affine=
[[ 9.99481261e-01 -1.82523690e-02  2.62780469e-02 -8.92434616e+01]
 [ 1.33199645e-02  9.84132349e-01  1.76935270e-01 -1.34768692e+02]
 [-2.90903654e-02 -1.76494658e-01  9.83871639e-01 -1.18845612e+02]
 [ 0.00000000e+00  0.00000000e+00  0.00000000e+00  1.00000000e+00]]
2024-10-25 11:47:46,722 - INFO - Generated mask: shape=(176, 256, 256), affine=
[[ 9.99481261e-01 -1.82523690e-02  2.62780469e-02 -8.92434616e+01]
 [ 1.33199645e-02  9.84132349e-01  1.76935270e-01 -1.34768692e+02]
 [-2.90903654e-02 -1.76494658e-01  9.83871639e-01 -1.18845612e+02]
 [ 0.00000000e+00  0.00000000e+00  0.00000000e+00  1.00000000e+00]]
2024-10-25 11:48:42,292 - INFO - Cleaned data: shape=(176, 256, 256, 184), min=-8.862598419189453, max=12.99193000793457, mean=4.141040654595518e-13
2024-10-25 11:48:42,355 - INFO - Memory usage after after loading and cleaning run: 68180.88 MB
2024-10-25 11:48:43,005 - INFO - Loading run 3 from /lab_data/behrmannlab/vlad/hemispace/sub-097/ses-01/derivatives/fsl/loc/run-03/1stLevel.feat/filtered_func_data_reg.nii.gz
2024-10-25 11:48:43,138 - INFO - Functional image: shape=(176, 256, 256, 184), affine=
[[ 9.99481261e-01 -1.82523690e-02  2.62780469e-02 -8.92434616e+01]
 [ 1.33199645e-02  9.84132349e-01  1.76935270e-01 -1.34768692e+02]
 [-2.90903654e-02 -1.76494658e-01  9.83871639e-01 -1.18845612e+02]
 [ 0.00000000e+00  0.00000000e+00  0.00000000e+00  1.00000000e+00]]
2024-10-25 11:49:18,195 - INFO - Generated mask: shape=(176, 256, 256), affine=
[[ 9.99481261e-01 -1.82523690e-02  2.62780469e-02 -8.92434616e+01]
 [ 1.33199645e-02  9.84132349e-01  1.76935270e-01 -1.34768692e+02]
 [-2.90903654e-02 -1.76494658e-01  9.83871639e-01 -1.18845612e+02]
 [ 0.00000000e+00  0.00000000e+00  0.00000000e+00  1.00000000e+00]]
2024-10-25 11:50:16,714 - INFO - Cleaned data: shape=(176, 256, 256, 184), min=-10.599027633666992, max=11.925667762756348, mean=-3.081405911955532e-13
2024-10-25 11:50:16,760 - INFO - Memory usage after after loading and cleaning run: 68180.88 MB
2024-10-25 11:50:48,565 - INFO - Concatenated data shape: (176, 256, 256, 368)
2024-10-25 11:50:49,166 - INFO - Memory usage after after concatenating runs: 84372.88 MB
2024-10-25 11:55:08,920 - INFO - Creating Searchlight object for LO right...
2024-10-25 11:55:08,930 - INFO - Searchlight object created.
2024-10-25 11:55:08,930 - INFO - Distributing data...
2024-10-25 11:56:05,755 - INFO - Data distribution completed.
2024-10-25 11:56:05,756 - INFO - Broadcasting LO time series and psychological covariate...
2024-10-25 11:56:05,756 - INFO - Broadcasting completed.
2024-10-25 11:56:05,756 - INFO - Starting searchlight analysis...
