Traceback (most recent call last):
  File "<string>", line 2, in <module>
ModuleNotFoundError: No module named 'brainiak.utils.fmriroi'
/home/csimmon2/anaconda3/envs/brainiak_env/lib/python3.7/site-packages/nilearn/__init__.py:67: FutureWarning: Python 3.7 support is deprecated and will be removed in release 0.12 of Nilearn. Consider switching to Python 3.9 or 3.10.
  _python_deprecation_warnings()
2025-01-07 11:05:42,333 - INFO - Running searchlight analysis with GCA for nontool localizer...
2025-01-07 11:05:42,376 - INFO - Memory usage after start of ROI/hemi iteration: 142.31 MB
2025-01-07 11:05:42,406 - INFO - Memory usage after start of run combination: 142.31 MB
2025-01-07 11:05:42,406 - INFO - Processing pIPS left for run combination [1, 2] for subject sub-spaceloc1002
2025-01-07 11:05:42,449 - INFO - Output file /lab_data/behrmannlab/vlad/ptoc/sub-spaceloc1002/ses-01//derivatives/gca/searchlight_result_nontool_runs12_pIPS_left_1217.nii.gz already exists. Skipping this run.
2025-01-07 11:05:42,481 - INFO - Memory usage after start of run combination: 142.31 MB
2025-01-07 11:05:42,482 - INFO - Processing pIPS left for run combination [2, 1] for subject sub-spaceloc1002
2025-01-07 11:05:42,482 - INFO - Output file /lab_data/behrmannlab/vlad/ptoc/sub-spaceloc1002/ses-01//derivatives/gca/searchlight_result_nontool_runs21_pIPS_left_1217.nii.gz already exists. Skipping this run.
2025-01-07 11:05:42,514 - INFO - Memory usage after start of ROI/hemi iteration: 142.31 MB
2025-01-07 11:05:42,546 - INFO - Memory usage after start of run combination: 142.31 MB
2025-01-07 11:05:42,547 - INFO - Processing pIPS right for run combination [1, 2] for subject sub-spaceloc1002
2025-01-07 11:05:42,705 - INFO - Functional image: shape=(208, 240, 256, 341), affine=
[[ 9.98947263e-01 -4.36464436e-02  1.37972161e-02 -1.01358284e+02]
 [ 4.15618457e-02  9.91135180e-01  1.26189023e-01 -1.19575912e+02]
 [-1.91825200e-02 -1.25483304e-01  9.91910279e-01 -1.15953613e+02]
 [ 0.00000000e+00  0.00000000e+00  0.00000000e+00  1.00000000e+00]]
2025-01-07 11:07:20,880 - INFO - Generated mask: shape=(208, 240, 256), affine=
[[ 9.98947263e-01 -4.36464436e-02  1.37972161e-02 -1.01358284e+02]
 [ 4.15618457e-02  9.91135180e-01  1.26189023e-01 -1.19575912e+02]
 [-1.91825200e-02 -1.25483304e-01  9.91910279e-01 -1.15953613e+02]
 [ 0.00000000e+00  0.00000000e+00  0.00000000e+00  1.00000000e+00]]
2025-01-07 11:09:15,933 - INFO - Cleaned data: shape=(208, 240, 256, 341), min=-15.425924301147461, max=14.82165813446045, mean=-2.532017170143437e-13
2025-01-07 11:09:16,065 - INFO - Memory usage after after loading and cleaning run: 33462.32 MB
2025-01-07 11:09:16,066 - INFO - Memory usage after after loading analysis run: 33462.32 MB
2025-01-07 11:12:37,279 - INFO - Memory usage after after ROI extraction: 33465.46 MB
2025-01-07 11:12:37,280 - INFO - Creating Searchlight object for pIPS right...
2025-01-07 11:12:37,282 - INFO - Searchlight object created.
2025-01-07 11:12:37,282 - INFO - Distributing data...
2025-01-07 11:13:40,607 - INFO - Memory usage after after data distribution: 36795.56 MB
2025-01-07 11:13:40,607 - INFO - Broadcasting pIPS time series and psychological covariate...
2025-01-07 11:13:40,608 - INFO - Broadcasting completed.
2025-01-07 11:13:40,608 - INFO - Starting searchlight analysis...
2025-01-07 16:49:13,873 - INFO - Searchlight analysis completed.
2025-01-07 16:49:13,874 - INFO - Memory usage after after searchlight: 37728.36 MB
2025-01-07 16:49:16,189 - INFO - Saved searchlight result to /lab_data/behrmannlab/vlad/ptoc/sub-spaceloc1002/ses-01//derivatives/gca/searchlight_result_nontool_runs12_pIPS_right_1217.nii.gz
2025-01-07 16:49:16,724 - INFO - Memory usage after after cleanup: 21055.16 MB
2025-01-07 16:49:16,758 - INFO - Memory usage after start of run combination: 21055.16 MB
2025-01-07 16:49:16,758 - INFO - Processing pIPS right for run combination [2, 1] for subject sub-spaceloc1002
2025-01-07 16:49:16,996 - INFO - Functional image: shape=(208, 240, 256, 341), affine=
[[ 9.98947263e-01 -4.36464436e-02  1.37972161e-02 -1.01358284e+02]
 [ 4.15618457e-02  9.91135180e-01  1.26189023e-01 -1.19575912e+02]
 [-1.91825200e-02 -1.25483304e-01  9.91910279e-01 -1.15953613e+02]
 [ 0.00000000e+00  0.00000000e+00  0.00000000e+00  1.00000000e+00]]
2025-01-07 16:50:52,294 - INFO - Generated mask: shape=(208, 240, 256), affine=
[[ 9.98947263e-01 -4.36464436e-02  1.37972161e-02 -1.01358284e+02]
 [ 4.15618457e-02  9.91135180e-01  1.26189023e-01 -1.19575912e+02]
 [-1.91825200e-02 -1.25483304e-01  9.91910279e-01 -1.15953613e+02]
 [ 0.00000000e+00  0.00000000e+00  0.00000000e+00  1.00000000e+00]]
2025-01-07 16:52:49,510 - INFO - Cleaned data: shape=(208, 240, 256, 341), min=-17.613859176635742, max=16.04493522644043, mean=7.819558267975709e-13
2025-01-07 16:52:49,578 - INFO - Memory usage after after loading and cleaning run: 54304.48 MB
2025-01-07 16:52:49,578 - INFO - Memory usage after after loading analysis run: 54304.48 MB
2025-01-07 16:56:30,195 - INFO - Memory usage after after ROI extraction: 54304.73 MB
2025-01-07 16:56:30,195 - INFO - Creating Searchlight object for pIPS right...
2025-01-07 16:56:30,198 - INFO - Searchlight object created.
2025-01-07 16:56:30,198 - INFO - Distributing data...
2025-01-07 16:57:32,543 - INFO - Memory usage after after data distribution: 36624.36 MB
2025-01-07 16:57:32,543 - INFO - Broadcasting pIPS time series and psychological covariate...
2025-01-07 16:57:32,543 - INFO - Broadcasting completed.
2025-01-07 16:57:32,544 - INFO - Starting searchlight analysis...
2025-01-07 22:30:11,145 - INFO - Searchlight analysis completed.
2025-01-07 22:30:11,146 - INFO - Memory usage after after searchlight: 37549.95 MB
2025-01-07 22:30:13,432 - INFO - Saved searchlight result to /lab_data/behrmannlab/vlad/ptoc/sub-spaceloc1002/ses-01//derivatives/gca/searchlight_result_nontool_runs21_pIPS_right_1217.nii.gz
2025-01-07 22:30:13,543 - INFO - Memory usage after after cleanup: 36624.67 MB
2025-01-07 22:30:13,576 - INFO - Memory usage after start of ROI/hemi iteration: 36624.67 MB
2025-01-07 22:30:13,606 - INFO - Memory usage after start of run combination: 36624.67 MB
2025-01-07 22:30:13,606 - INFO - Processing LO left for run combination [1, 2] for subject sub-spaceloc1002
2025-01-07 22:30:13,758 - INFO - Functional image: shape=(208, 240, 256, 341), affine=
[[ 9.98947263e-01 -4.36464436e-02  1.37972161e-02 -1.01358284e+02]
 [ 4.15618457e-02  9.91135180e-01  1.26189023e-01 -1.19575912e+02]
 [-1.91825200e-02 -1.25483304e-01  9.91910279e-01 -1.15953613e+02]
 [ 0.00000000e+00  0.00000000e+00  0.00000000e+00  1.00000000e+00]]
2025-01-07 22:32:07,755 - INFO - Generated mask: shape=(208, 240, 256), affine=
[[ 9.98947263e-01 -4.36464436e-02  1.37972161e-02 -1.01358284e+02]
 [ 4.15618457e-02  9.91135180e-01  1.26189023e-01 -1.19575912e+02]
 [-1.91825200e-02 -1.25483304e-01  9.91910279e-01 -1.15953613e+02]
 [ 0.00000000e+00  0.00000000e+00  0.00000000e+00  1.00000000e+00]]
2025-01-07 22:34:42,836 - INFO - Cleaned data: shape=(208, 240, 256, 341), min=-15.425924301147461, max=14.82165813446045, mean=-2.532017170143437e-13
2025-01-07 22:34:43,332 - INFO - Memory usage after after loading and cleaning run: 69872.18 MB
2025-01-07 22:34:43,332 - INFO - Memory usage after after loading analysis run: 69872.18 MB
2025-01-07 22:40:55,586 - INFO - Memory usage after after ROI extraction: 69872.43 MB
2025-01-07 22:40:55,586 - INFO - Creating Searchlight object for LO left...
2025-01-07 22:40:55,589 - INFO - Searchlight object created.
2025-01-07 22:40:55,589 - INFO - Distributing data...
2025-01-07 22:42:19,094 - INFO - Memory usage after after data distribution: 36814.18 MB
2025-01-07 22:42:19,094 - INFO - Broadcasting LO time series and psychological covariate...
2025-01-07 22:42:19,095 - INFO - Broadcasting completed.
2025-01-07 22:42:19,095 - INFO - Starting searchlight analysis...
2025-01-08 04:17:40,769 - INFO - Searchlight analysis completed.
2025-01-08 04:17:40,771 - INFO - Memory usage after after searchlight: 37746.26 MB
2025-01-08 04:17:43,077 - INFO - Saved searchlight result to /lab_data/behrmannlab/vlad/ptoc/sub-spaceloc1002/ses-01//derivatives/gca/searchlight_result_nontool_runs12_LO_left_1217.nii.gz
2025-01-08 04:17:43,136 - INFO - Memory usage after after cleanup: 36622.30 MB
2025-01-08 04:17:43,168 - INFO - Memory usage after start of run combination: 36622.30 MB
2025-01-08 04:17:43,168 - INFO - Processing LO left for run combination [2, 1] for subject sub-spaceloc1002
2025-01-08 04:17:43,291 - INFO - Functional image: shape=(208, 240, 256, 341), affine=
[[ 9.98947263e-01 -4.36464436e-02  1.37972161e-02 -1.01358284e+02]
 [ 4.15618457e-02  9.91135180e-01  1.26189023e-01 -1.19575912e+02]
 [-1.91825200e-02 -1.25483304e-01  9.91910279e-01 -1.15953613e+02]
 [ 0.00000000e+00  0.00000000e+00  0.00000000e+00  1.00000000e+00]]
2025-01-08 04:19:38,727 - INFO - Generated mask: shape=(208, 240, 256), affine=
[[ 9.98947263e-01 -4.36464436e-02  1.37972161e-02 -1.01358284e+02]
 [ 4.15618457e-02  9.91135180e-01  1.26189023e-01 -1.19575912e+02]
 [-1.91825200e-02 -1.25483304e-01  9.91910279e-01 -1.15953613e+02]
 [ 0.00000000e+00  0.00000000e+00  0.00000000e+00  1.00000000e+00]]
2025-01-08 04:22:18,757 - INFO - Cleaned data: shape=(208, 240, 256, 341), min=-17.613859176635742, max=16.04493522644043, mean=7.819558267975709e-13
2025-01-08 04:22:19,345 - INFO - Memory usage after after loading and cleaning run: 69869.81 MB
2025-01-08 04:22:19,346 - INFO - Memory usage after after loading analysis run: 69869.81 MB
2025-01-08 04:28:42,310 - INFO - Memory usage after after ROI extraction: 69869.81 MB
2025-01-08 04:28:42,311 - INFO - Creating Searchlight object for LO left...
2025-01-08 04:28:42,313 - INFO - Searchlight object created.
2025-01-08 04:28:42,313 - INFO - Distributing data...
2025-01-08 04:30:11,564 - INFO - Memory usage after after data distribution: 36643.09 MB
2025-01-08 04:30:11,565 - INFO - Broadcasting LO time series and psychological covariate...
2025-01-08 04:30:11,565 - INFO - Broadcasting completed.
2025-01-08 04:30:11,565 - INFO - Starting searchlight analysis...
2025-01-08 10:01:45,561 - INFO - Searchlight analysis completed.
2025-01-08 10:01:45,562 - INFO - Memory usage after after searchlight: 37568.62 MB
2025-01-08 10:01:47,794 - INFO - Saved searchlight result to /lab_data/behrmannlab/vlad/ptoc/sub-spaceloc1002/ses-01//derivatives/gca/searchlight_result_nontool_runs21_LO_left_1217.nii.gz
2025-01-08 10:01:47,856 - INFO - Memory usage after after cleanup: 36643.59 MB
2025-01-08 10:01:47,890 - INFO - Memory usage after start of ROI/hemi iteration: 36643.59 MB
2025-01-08 10:01:47,922 - INFO - Memory usage after start of run combination: 36643.59 MB
2025-01-08 10:01:47,923 - INFO - Processing LO right for run combination [1, 2] for subject sub-spaceloc1002
2025-01-08 10:01:48,062 - INFO - Functional image: shape=(208, 240, 256, 341), affine=
[[ 9.98947263e-01 -4.36464436e-02  1.37972161e-02 -1.01358284e+02]
 [ 4.15618457e-02  9.91135180e-01  1.26189023e-01 -1.19575912e+02]
 [-1.91825200e-02 -1.25483304e-01  9.91910279e-01 -1.15953613e+02]
 [ 0.00000000e+00  0.00000000e+00  0.00000000e+00  1.00000000e+00]]
2025-01-08 10:03:43,895 - INFO - Generated mask: shape=(208, 240, 256), affine=
[[ 9.98947263e-01 -4.36464436e-02  1.37972161e-02 -1.01358284e+02]
 [ 4.15618457e-02  9.91135180e-01  1.26189023e-01 -1.19575912e+02]
 [-1.91825200e-02 -1.25483304e-01  9.91910279e-01 -1.15953613e+02]
 [ 0.00000000e+00  0.00000000e+00  0.00000000e+00  1.00000000e+00]]
2025-01-08 10:06:25,034 - INFO - Cleaned data: shape=(208, 240, 256, 341), min=-15.425924301147461, max=14.82165813446045, mean=-2.532017170143437e-13
2025-01-08 10:06:25,657 - INFO - Memory usage after after loading and cleaning run: 69890.85 MB
2025-01-08 10:06:25,657 - INFO - Memory usage after after loading analysis run: 69890.85 MB
2025-01-08 10:12:49,617 - INFO - Memory usage after after ROI extraction: 69891.10 MB
2025-01-08 10:12:49,618 - INFO - Creating Searchlight object for LO right...
2025-01-08 10:12:49,620 - INFO - Searchlight object created.
2025-01-08 10:12:49,620 - INFO - Distributing data...
2025-01-08 10:14:14,297 - INFO - Memory usage after after data distribution: 36814.43 MB
2025-01-08 10:14:14,297 - INFO - Broadcasting LO time series and psychological covariate...
2025-01-08 10:14:14,297 - INFO - Broadcasting completed.
2025-01-08 10:14:14,298 - INFO - Starting searchlight analysis...
