Traceback (most recent call last):
  File "<string>", line 2, in <module>
ModuleNotFoundError: No module named 'brainiak.utils.fmriroi'
/home/csimmon2/anaconda3/envs/brainiak_env/lib/python3.7/site-packages/nilearn/__init__.py:67: FutureWarning: Python 3.7 support is deprecated and will be removed in release 0.12 of Nilearn. Consider switching to Python 3.9 or 3.10.
  _python_deprecation_warnings()
2024-10-23 14:21:17,125 - INFO - Running searchlight analysis with GCA for Object...
2024-10-23 14:21:18,208 - INFO - Processing pIPS left for run combination [1, 2] for subject sub-096
2024-10-23 14:21:18,209 - INFO - Loading run 1 from /lab_data/behrmannlab/vlad/hemispace/sub-096/ses-01/derivatives/fsl/loc/run-01/1stLevel.feat/filtered_func_data_reg.nii.gz
2024-10-23 14:21:19,140 - INFO - Functional image: shape=(176, 256, 256, 184), affine=
[[ 9.98566091e-01 -4.67632413e-02  2.61551235e-02 -8.53371582e+01]
 [ 4.25890088e-02  9.88929212e-01  1.42144859e-01 -1.27943344e+02]
 [-3.25128064e-02 -1.40826747e-01  9.89500225e-01 -1.24747993e+02]
 [ 0.00000000e+00  0.00000000e+00  0.00000000e+00  1.00000000e+00]]
2024-10-23 14:21:52,888 - INFO - Generated mask: shape=(176, 256, 256), affine=
[[ 9.98566091e-01 -4.67632413e-02  2.61551235e-02 -8.53371582e+01]
 [ 4.25890088e-02  9.88929212e-01  1.42144859e-01 -1.27943344e+02]
 [-3.25128064e-02 -1.40826747e-01  9.89500225e-01 -1.24747993e+02]
 [ 0.00000000e+00  0.00000000e+00  0.00000000e+00  1.00000000e+00]]
2024-10-23 14:22:40,530 - INFO - Cleaned data: shape=(176, 256, 256, 184), min=-12.362982749938965, max=11.799596786499023, mean=-9.865974224722166e-13
2024-10-23 14:22:40,599 - INFO - Memory usage after after loading and cleaning run: 16396.47 MB
2024-10-23 14:22:40,599 - INFO - Loading run 2 from /lab_data/behrmannlab/vlad/hemispace/sub-096/ses-01/derivatives/fsl/loc/run-02/1stLevel.feat/filtered_func_data_reg.nii.gz
2024-10-23 14:22:41,037 - INFO - Functional image: shape=(176, 256, 256, 184), affine=
[[ 9.98566091e-01 -4.67632413e-02  2.61551235e-02 -8.53371582e+01]
 [ 4.25890088e-02  9.88929212e-01  1.42144859e-01 -1.27943344e+02]
 [-3.25128064e-02 -1.40826747e-01  9.89500225e-01 -1.24747993e+02]
 [ 0.00000000e+00  0.00000000e+00  0.00000000e+00  1.00000000e+00]]
2024-10-23 14:23:14,318 - INFO - Generated mask: shape=(176, 256, 256), affine=
[[ 9.98566091e-01 -4.67632413e-02  2.61551235e-02 -8.53371582e+01]
 [ 4.25890088e-02  9.88929212e-01  1.42144859e-01 -1.27943344e+02]
 [-3.25128064e-02 -1.40826747e-01  9.89500225e-01 -1.24747993e+02]
 [ 0.00000000e+00  0.00000000e+00  0.00000000e+00  1.00000000e+00]]
2024-10-23 14:24:01,981 - INFO - Cleaned data: shape=(176, 256, 256, 184), min=-11.132845878601074, max=12.44810962677002, mean=-1.3442499576959164e-12
2024-10-23 14:24:02,045 - INFO - Memory usage after after loading and cleaning run: 32608.76 MB
2024-10-23 14:24:16,838 - INFO - Concatenated data shape: (176, 256, 256, 368)
2024-10-23 14:24:16,936 - INFO - Memory usage after after concatenating runs: 48801.72 MB
2024-10-23 14:27:34,897 - INFO - Creating Searchlight object for pIPS left...
2024-10-23 14:27:34,900 - INFO - Searchlight object created.
2024-10-23 14:27:34,900 - INFO - Distributing data...
2024-10-23 14:28:54,339 - INFO - Data distribution completed.
2024-10-23 14:28:54,340 - INFO - Broadcasting pIPS time series and psychological covariate...
2024-10-23 14:28:54,340 - INFO - Broadcasting completed.
2024-10-23 14:28:54,340 - INFO - Starting searchlight analysis...
2024-10-23 18:12:26,232 - INFO - Searchlight analysis completed.
2024-10-23 18:12:26,238 - INFO - Memory usage after after searchlight: 85427.95 MB
2024-10-23 18:12:28,372 - INFO - Saved searchlight result to /lab_data/behrmannlab/vlad/ptoc/sub-096/ses-01//derivatives/gca/searchlight_result_object_runs12_pIPS_left.nii.gz
2024-10-23 18:12:29,150 - INFO - Processing pIPS left for run combination [1, 3] for subject sub-096
2024-10-23 18:12:29,150 - INFO - Loading run 1 from /lab_data/behrmannlab/vlad/hemispace/sub-096/ses-01/derivatives/fsl/loc/run-01/1stLevel.feat/filtered_func_data_reg.nii.gz
2024-10-23 18:12:29,524 - INFO - Functional image: shape=(176, 256, 256, 184), affine=
[[ 9.98566091e-01 -4.67632413e-02  2.61551235e-02 -8.53371582e+01]
 [ 4.25890088e-02  9.88929212e-01  1.42144859e-01 -1.27943344e+02]
 [-3.25128064e-02 -1.40826747e-01  9.89500225e-01 -1.24747993e+02]
 [ 0.00000000e+00  0.00000000e+00  0.00000000e+00  1.00000000e+00]]
2024-10-23 18:13:09,740 - INFO - Generated mask: shape=(176, 256, 256), affine=
[[ 9.98566091e-01 -4.67632413e-02  2.61551235e-02 -8.53371582e+01]
 [ 4.25890088e-02  9.88929212e-01  1.42144859e-01 -1.27943344e+02]
 [-3.25128064e-02 -1.40826747e-01  9.89500225e-01 -1.24747993e+02]
 [ 0.00000000e+00  0.00000000e+00  0.00000000e+00  1.00000000e+00]]
2024-10-23 18:14:01,604 - INFO - Cleaned data: shape=(176, 256, 256, 184), min=-12.362982749938965, max=11.799596786499023, mean=-9.865974224722166e-13
2024-10-23 18:14:01,651 - INFO - Memory usage after after loading and cleaning run: 68387.97 MB
2024-10-23 18:14:01,687 - INFO - Loading run 3 from /lab_data/behrmannlab/vlad/hemispace/sub-096/ses-01/derivatives/fsl/loc/run-03/1stLevel.feat/filtered_func_data_reg.nii.gz
2024-10-23 18:14:02,289 - INFO - Functional image: shape=(176, 256, 256, 184), affine=
[[ 9.98566091e-01 -4.67632413e-02  2.61551235e-02 -8.53371582e+01]
 [ 4.25890088e-02  9.88929212e-01  1.42144859e-01 -1.27943344e+02]
 [-3.25128064e-02 -1.40826747e-01  9.89500225e-01 -1.24747993e+02]
 [ 0.00000000e+00  0.00000000e+00  0.00000000e+00  1.00000000e+00]]
2024-10-23 18:14:35,481 - INFO - Generated mask: shape=(176, 256, 256), affine=
[[ 9.98566091e-01 -4.67632413e-02  2.61551235e-02 -8.53371582e+01]
 [ 4.25890088e-02  9.88929212e-01  1.42144859e-01 -1.27943344e+02]
 [-3.25128064e-02 -1.40826747e-01  9.89500225e-01 -1.24747993e+02]
 [ 0.00000000e+00  0.00000000e+00  0.00000000e+00  1.00000000e+00]]
2024-10-23 18:15:26,891 - INFO - Cleaned data: shape=(176, 256, 256, 184), min=-11.985099792480469, max=12.327381134033203, mean=1.4809993500764105e-12
2024-10-23 18:15:26,937 - INFO - Memory usage after after loading and cleaning run: 68299.97 MB
2024-10-23 18:15:50,193 - INFO - Concatenated data shape: (176, 256, 256, 368)
2024-10-23 18:15:50,286 - INFO - Memory usage after after concatenating runs: 84491.97 MB
2024-10-23 18:20:16,923 - INFO - Creating Searchlight object for pIPS left...
2024-10-23 18:20:17,848 - INFO - Searchlight object created.
2024-10-23 18:20:17,849 - INFO - Distributing data...
2024-10-23 18:21:52,932 - INFO - Data distribution completed.
2024-10-23 18:21:52,940 - INFO - Broadcasting pIPS time series and psychological covariate...
2024-10-23 18:21:52,940 - INFO - Broadcasting completed.
2024-10-23 18:21:52,940 - INFO - Starting searchlight analysis...
2024-10-23 22:10:52,949 - INFO - Searchlight analysis completed.
2024-10-23 22:10:53,045 - INFO - Memory usage after after searchlight: 85394.60 MB
2024-10-23 22:10:55,530 - INFO - Saved searchlight result to /lab_data/behrmannlab/vlad/ptoc/sub-096/ses-01//derivatives/gca/searchlight_result_object_runs13_pIPS_left.nii.gz
2024-10-23 22:10:57,093 - INFO - Processing pIPS left for run combination [2, 3] for subject sub-096
2024-10-23 22:10:57,097 - INFO - Loading run 2 from /lab_data/behrmannlab/vlad/hemispace/sub-096/ses-01/derivatives/fsl/loc/run-02/1stLevel.feat/filtered_func_data_reg.nii.gz
2024-10-23 22:10:57,805 - INFO - Functional image: shape=(176, 256, 256, 184), affine=
[[ 9.98566091e-01 -4.67632413e-02  2.61551235e-02 -8.53371582e+01]
 [ 4.25890088e-02  9.88929212e-01  1.42144859e-01 -1.27943344e+02]
 [-3.25128064e-02 -1.40826747e-01  9.89500225e-01 -1.24747993e+02]
 [ 0.00000000e+00  0.00000000e+00  0.00000000e+00  1.00000000e+00]]
2024-10-23 22:11:33,009 - INFO - Generated mask: shape=(176, 256, 256), affine=
[[ 9.98566091e-01 -4.67632413e-02  2.61551235e-02 -8.53371582e+01]
 [ 4.25890088e-02  9.88929212e-01  1.42144859e-01 -1.27943344e+02]
 [-3.25128064e-02 -1.40826747e-01  9.89500225e-01 -1.24747993e+02]
 [ 0.00000000e+00  0.00000000e+00  0.00000000e+00  1.00000000e+00]]
2024-10-23 22:12:24,049 - INFO - Cleaned data: shape=(176, 256, 256, 184), min=-11.132845878601074, max=12.44810962677002, mean=-1.3442499576959164e-12
2024-10-23 22:12:24,096 - INFO - Memory usage after after loading and cleaning run: 68430.64 MB
2024-10-23 22:12:24,132 - INFO - Loading run 3 from /lab_data/behrmannlab/vlad/hemispace/sub-096/ses-01/derivatives/fsl/loc/run-03/1stLevel.feat/filtered_func_data_reg.nii.gz
2024-10-23 22:12:24,524 - INFO - Functional image: shape=(176, 256, 256, 184), affine=
[[ 9.98566091e-01 -4.67632413e-02  2.61551235e-02 -8.53371582e+01]
 [ 4.25890088e-02  9.88929212e-01  1.42144859e-01 -1.27943344e+02]
 [-3.25128064e-02 -1.40826747e-01  9.89500225e-01 -1.24747993e+02]
 [ 0.00000000e+00  0.00000000e+00  0.00000000e+00  1.00000000e+00]]
2024-10-23 22:12:58,696 - INFO - Generated mask: shape=(176, 256, 256), affine=
[[ 9.98566091e-01 -4.67632413e-02  2.61551235e-02 -8.53371582e+01]
 [ 4.25890088e-02  9.88929212e-01  1.42144859e-01 -1.27943344e+02]
 [-3.25128064e-02 -1.40826747e-01  9.89500225e-01 -1.24747993e+02]
 [ 0.00000000e+00  0.00000000e+00  0.00000000e+00  1.00000000e+00]]
2024-10-23 22:13:49,180 - INFO - Cleaned data: shape=(176, 256, 256, 184), min=-11.985099792480469, max=12.327381134033203, mean=1.4809993500764105e-12
2024-10-23 22:13:49,235 - INFO - Memory usage after after loading and cleaning run: 68440.24 MB
2024-10-23 22:14:12,313 - INFO - Concatenated data shape: (176, 256, 256, 368)
2024-10-23 22:14:12,383 - INFO - Memory usage after after concatenating runs: 84632.24 MB
2024-10-23 22:18:29,725 - INFO - Creating Searchlight object for pIPS left...
2024-10-23 22:18:29,744 - INFO - Searchlight object created.
2024-10-23 22:18:29,744 - INFO - Distributing data...
2024-10-23 22:19:54,254 - INFO - Data distribution completed.
2024-10-23 22:19:54,261 - INFO - Broadcasting pIPS time series and psychological covariate...
2024-10-23 22:19:54,262 - INFO - Broadcasting completed.
2024-10-23 22:19:54,262 - INFO - Starting searchlight analysis...
2024-10-24 02:07:57,437 - INFO - Searchlight analysis completed.
2024-10-24 02:07:57,438 - INFO - Memory usage after after searchlight: 85556.82 MB
2024-10-24 02:07:59,162 - INFO - Saved searchlight result to /lab_data/behrmannlab/vlad/ptoc/sub-096/ses-01//derivatives/gca/searchlight_result_object_runs23_pIPS_left.nii.gz
2024-10-24 02:08:00,558 - INFO - Processing pIPS right for run combination [1, 2] for subject sub-096
2024-10-24 02:08:00,570 - INFO - Loading run 1 from /lab_data/behrmannlab/vlad/hemispace/sub-096/ses-01/derivatives/fsl/loc/run-01/1stLevel.feat/filtered_func_data_reg.nii.gz
2024-10-24 02:08:00,758 - INFO - Functional image: shape=(176, 256, 256, 184), affine=
[[ 9.98566091e-01 -4.67632413e-02  2.61551235e-02 -8.53371582e+01]
 [ 4.25890088e-02  9.88929212e-01  1.42144859e-01 -1.27943344e+02]
 [-3.25128064e-02 -1.40826747e-01  9.89500225e-01 -1.24747993e+02]
 [ 0.00000000e+00  0.00000000e+00  0.00000000e+00  1.00000000e+00]]
2024-10-24 02:08:42,695 - INFO - Generated mask: shape=(176, 256, 256), affine=
[[ 9.98566091e-01 -4.67632413e-02  2.61551235e-02 -8.53371582e+01]
 [ 4.25890088e-02  9.88929212e-01  1.42144859e-01 -1.27943344e+02]
 [-3.25128064e-02 -1.40826747e-01  9.89500225e-01 -1.24747993e+02]
 [ 0.00000000e+00  0.00000000e+00  0.00000000e+00  1.00000000e+00]]
2024-10-24 02:10:20,498 - INFO - Cleaned data: shape=(176, 256, 256, 184), min=-12.362982749938965, max=11.799596786499023, mean=-9.865974224722166e-13
2024-10-24 02:10:20,544 - INFO - Memory usage after after loading and cleaning run: 68515.08 MB
2024-10-24 02:10:20,581 - INFO - Loading run 2 from /lab_data/behrmannlab/vlad/hemispace/sub-096/ses-01/derivatives/fsl/loc/run-02/1stLevel.feat/filtered_func_data_reg.nii.gz
2024-10-24 02:10:20,762 - INFO - Functional image: shape=(176, 256, 256, 184), affine=
[[ 9.98566091e-01 -4.67632413e-02  2.61551235e-02 -8.53371582e+01]
 [ 4.25890088e-02  9.88929212e-01  1.42144859e-01 -1.27943344e+02]
 [-3.25128064e-02 -1.40826747e-01  9.89500225e-01 -1.24747993e+02]
 [ 0.00000000e+00  0.00000000e+00  0.00000000e+00  1.00000000e+00]]
2024-10-24 02:10:57,371 - INFO - Generated mask: shape=(176, 256, 256), affine=
[[ 9.98566091e-01 -4.67632413e-02  2.61551235e-02 -8.53371582e+01]
 [ 4.25890088e-02  9.88929212e-01  1.42144859e-01 -1.27943344e+02]
 [-3.25128064e-02 -1.40826747e-01  9.89500225e-01 -1.24747993e+02]
 [ 0.00000000e+00  0.00000000e+00  0.00000000e+00  1.00000000e+00]]
2024-10-24 02:12:27,276 - INFO - Cleaned data: shape=(176, 256, 256, 184), min=-11.132845878601074, max=12.44810962677002, mean=-1.3442499576959164e-12
2024-10-24 02:12:27,323 - INFO - Memory usage after after loading and cleaning run: 68515.08 MB
2024-10-24 02:12:55,594 - INFO - Concatenated data shape: (176, 256, 256, 368)
2024-10-24 02:12:56,167 - INFO - Memory usage after after concatenating runs: 84707.08 MB
2024-10-24 02:17:23,238 - INFO - Creating Searchlight object for pIPS right...
2024-10-24 02:17:24,002 - INFO - Searchlight object created.
2024-10-24 02:17:24,002 - INFO - Distributing data...
2024-10-24 02:18:54,698 - INFO - Data distribution completed.
2024-10-24 02:18:54,699 - INFO - Broadcasting pIPS time series and psychological covariate...
2024-10-24 02:18:54,699 - INFO - Broadcasting completed.
2024-10-24 02:18:54,699 - INFO - Starting searchlight analysis...
2024-10-24 06:08:04,834 - INFO - Searchlight analysis completed.
2024-10-24 06:08:04,835 - INFO - Memory usage after after searchlight: 85502.26 MB
2024-10-24 06:08:06,862 - INFO - Saved searchlight result to /lab_data/behrmannlab/vlad/ptoc/sub-096/ses-01//derivatives/gca/searchlight_result_object_runs12_pIPS_right.nii.gz
2024-10-24 06:08:08,512 - INFO - Processing pIPS right for run combination [1, 3] for subject sub-096
2024-10-24 06:08:08,796 - INFO - Loading run 1 from /lab_data/behrmannlab/vlad/hemispace/sub-096/ses-01/derivatives/fsl/loc/run-01/1stLevel.feat/filtered_func_data_reg.nii.gz
2024-10-24 06:08:09,085 - INFO - Functional image: shape=(176, 256, 256, 184), affine=
[[ 9.98566091e-01 -4.67632413e-02  2.61551235e-02 -8.53371582e+01]
 [ 4.25890088e-02  9.88929212e-01  1.42144859e-01 -1.27943344e+02]
 [-3.25128064e-02 -1.40826747e-01  9.89500225e-01 -1.24747993e+02]
 [ 0.00000000e+00  0.00000000e+00  0.00000000e+00  1.00000000e+00]]
2024-10-24 06:08:43,583 - INFO - Generated mask: shape=(176, 256, 256), affine=
[[ 9.98566091e-01 -4.67632413e-02  2.61551235e-02 -8.53371582e+01]
 [ 4.25890088e-02  9.88929212e-01  1.42144859e-01 -1.27943344e+02]
 [-3.25128064e-02 -1.40826747e-01  9.89500225e-01 -1.24747993e+02]
 [ 0.00000000e+00  0.00000000e+00  0.00000000e+00  1.00000000e+00]]
2024-10-24 06:09:36,918 - INFO - Cleaned data: shape=(176, 256, 256, 184), min=-12.362982749938965, max=11.799596786499023, mean=-9.865974224722166e-13
2024-10-24 06:09:36,964 - INFO - Memory usage after after loading and cleaning run: 68462.25 MB
2024-10-24 06:09:37,091 - INFO - Loading run 3 from /lab_data/behrmannlab/vlad/hemispace/sub-096/ses-01/derivatives/fsl/loc/run-03/1stLevel.feat/filtered_func_data_reg.nii.gz
2024-10-24 06:09:37,344 - INFO - Functional image: shape=(176, 256, 256, 184), affine=
[[ 9.98566091e-01 -4.67632413e-02  2.61551235e-02 -8.53371582e+01]
 [ 4.25890088e-02  9.88929212e-01  1.42144859e-01 -1.27943344e+02]
 [-3.25128064e-02 -1.40826747e-01  9.89500225e-01 -1.24747993e+02]
 [ 0.00000000e+00  0.00000000e+00  0.00000000e+00  1.00000000e+00]]
2024-10-24 06:10:11,005 - INFO - Generated mask: shape=(176, 256, 256), affine=
[[ 9.98566091e-01 -4.67632413e-02  2.61551235e-02 -8.53371582e+01]
 [ 4.25890088e-02  9.88929212e-01  1.42144859e-01 -1.27943344e+02]
 [-3.25128064e-02 -1.40826747e-01  9.89500225e-01 -1.24747993e+02]
 [ 0.00000000e+00  0.00000000e+00  0.00000000e+00  1.00000000e+00]]
2024-10-24 06:11:03,129 - INFO - Cleaned data: shape=(176, 256, 256, 184), min=-11.985099792480469, max=12.327381134033203, mean=1.4809993500764105e-12
2024-10-24 06:11:03,176 - INFO - Memory usage after after loading and cleaning run: 68462.25 MB
2024-10-24 06:11:30,034 - INFO - Concatenated data shape: (176, 256, 256, 368)
2024-10-24 06:11:30,492 - INFO - Memory usage after after concatenating runs: 84654.25 MB
2024-10-24 06:15:56,053 - INFO - Creating Searchlight object for pIPS right...
2024-10-24 06:15:56,066 - INFO - Searchlight object created.
2024-10-24 06:15:56,066 - INFO - Distributing data...
2024-10-24 06:17:18,379 - INFO - Data distribution completed.
2024-10-24 06:17:18,379 - INFO - Broadcasting pIPS time series and psychological covariate...
2024-10-24 06:17:18,379 - INFO - Broadcasting completed.
2024-10-24 06:17:18,380 - INFO - Starting searchlight analysis...
2024-10-24 10:04:17,163 - INFO - Searchlight analysis completed.
2024-10-24 10:04:17,164 - INFO - Memory usage after after searchlight: 85550.07 MB
2024-10-24 10:04:19,316 - INFO - Saved searchlight result to /lab_data/behrmannlab/vlad/ptoc/sub-096/ses-01//derivatives/gca/searchlight_result_object_runs13_pIPS_right.nii.gz
2024-10-24 10:04:20,804 - INFO - Processing pIPS right for run combination [2, 3] for subject sub-096
2024-10-24 10:04:20,806 - INFO - Loading run 2 from /lab_data/behrmannlab/vlad/hemispace/sub-096/ses-01/derivatives/fsl/loc/run-02/1stLevel.feat/filtered_func_data_reg.nii.gz
2024-10-24 10:04:21,222 - INFO - Functional image: shape=(176, 256, 256, 184), affine=
[[ 9.98566091e-01 -4.67632413e-02  2.61551235e-02 -8.53371582e+01]
 [ 4.25890088e-02  9.88929212e-01  1.42144859e-01 -1.27943344e+02]
 [-3.25128064e-02 -1.40826747e-01  9.89500225e-01 -1.24747993e+02]
 [ 0.00000000e+00  0.00000000e+00  0.00000000e+00  1.00000000e+00]]
2024-10-24 10:04:57,730 - INFO - Generated mask: shape=(176, 256, 256), affine=
[[ 9.98566091e-01 -4.67632413e-02  2.61551235e-02 -8.53371582e+01]
 [ 4.25890088e-02  9.88929212e-01  1.42144859e-01 -1.27943344e+02]
 [-3.25128064e-02 -1.40826747e-01  9.89500225e-01 -1.24747993e+02]
 [ 0.00000000e+00  0.00000000e+00  0.00000000e+00  1.00000000e+00]]
2024-10-24 10:06:08,776 - INFO - Cleaned data: shape=(176, 256, 256, 184), min=-11.132845878601074, max=12.44810962677002, mean=-1.3442499576959164e-12
2024-10-24 10:06:08,822 - INFO - Memory usage after after loading and cleaning run: 68508.89 MB
2024-10-24 10:06:09,030 - INFO - Loading run 3 from /lab_data/behrmannlab/vlad/hemispace/sub-096/ses-01/derivatives/fsl/loc/run-03/1stLevel.feat/filtered_func_data_reg.nii.gz
2024-10-24 10:06:09,182 - INFO - Functional image: shape=(176, 256, 256, 184), affine=
[[ 9.98566091e-01 -4.67632413e-02  2.61551235e-02 -8.53371582e+01]
 [ 4.25890088e-02  9.88929212e-01  1.42144859e-01 -1.27943344e+02]
 [-3.25128064e-02 -1.40826747e-01  9.89500225e-01 -1.24747993e+02]
 [ 0.00000000e+00  0.00000000e+00  0.00000000e+00  1.00000000e+00]]
2024-10-24 10:06:44,163 - INFO - Generated mask: shape=(176, 256, 256), affine=
[[ 9.98566091e-01 -4.67632413e-02  2.61551235e-02 -8.53371582e+01]
 [ 4.25890088e-02  9.88929212e-01  1.42144859e-01 -1.27943344e+02]
 [-3.25128064e-02 -1.40826747e-01  9.89500225e-01 -1.24747993e+02]
 [ 0.00000000e+00  0.00000000e+00  0.00000000e+00  1.00000000e+00]]
2024-10-24 10:07:50,647 - INFO - Cleaned data: shape=(176, 256, 256, 184), min=-11.985099792480469, max=12.327381134033203, mean=1.4809993500764105e-12
2024-10-24 10:07:50,704 - INFO - Memory usage after after loading and cleaning run: 68508.89 MB
2024-10-24 10:08:18,991 - INFO - Concatenated data shape: (176, 256, 256, 368)
2024-10-24 10:08:19,494 - INFO - Memory usage after after concatenating runs: 84700.89 MB
2024-10-24 10:12:50,557 - INFO - Creating Searchlight object for pIPS right...
2024-10-24 10:12:50,567 - INFO - Searchlight object created.
2024-10-24 10:12:50,567 - INFO - Distributing data...
2024-10-24 10:14:12,360 - INFO - Data distribution completed.
2024-10-24 10:14:12,360 - INFO - Broadcasting pIPS time series and psychological covariate...
2024-10-24 10:14:12,361 - INFO - Broadcasting completed.
2024-10-24 10:14:12,361 - INFO - Starting searchlight analysis...
