Traceback (most recent call last):
  File "<string>", line 2, in <module>
ModuleNotFoundError: No module named 'brainiak.utils.fmriroi'
/home/csimmon2/anaconda3/envs/brainiak_env/lib/python3.7/site-packages/nilearn/__init__.py:67: FutureWarning: Python 3.7 support is deprecated and will be removed in release 0.12 of Nilearn. Consider switching to Python 3.9 or 3.10.
  _python_deprecation_warnings()
2024-10-19 11:25:00,032 - INFO - Running searchlight analysis with GCA for Object...
2024-10-19 11:25:10,229 - INFO - Processing pIPS left for run combination [1, 2] for subject sub-083
2024-10-19 11:25:10,675 - INFO - Loading run 1 from /lab_data/behrmannlab/vlad/hemispace/sub-083/ses-01/derivatives/fsl/loc/run-01/1stLevel.feat/filtered_func_data_reg.nii.gz
2024-10-19 11:25:20,920 - INFO - Functional image: shape=(176, 256, 256, 184), affine=
[[ 9.99984801e-01  3.27428360e-03  4.62767016e-03 -8.79662781e+01]
 [-4.42977808e-03  9.60725665e-01  2.77464598e-01 -1.42918640e+02]
 [-3.53742694e-03 -2.77480662e-01  9.60724711e-01 -1.03514511e+02]
 [ 0.00000000e+00  0.00000000e+00  0.00000000e+00  1.00000000e+00]]
2024-10-19 11:26:18,809 - INFO - Generated mask: shape=(176, 256, 256), affine=
[[ 9.99984801e-01  3.27428360e-03  4.62767016e-03 -8.79662781e+01]
 [-4.42977808e-03  9.60725665e-01  2.77464598e-01 -1.42918640e+02]
 [-3.53742694e-03 -2.77480662e-01  9.60724711e-01 -1.03514511e+02]
 [ 0.00000000e+00  0.00000000e+00  0.00000000e+00  1.00000000e+00]]
2024-10-19 11:27:42,262 - INFO - Cleaned data: shape=(176, 256, 256, 184), min=-10.004362106323242, max=10.803573608398438, mean=1.296383147439823e-13
2024-10-19 11:27:43,677 - INFO - Memory usage after after loading and cleaning run: 16386.80 MB
2024-10-19 11:27:43,677 - INFO - Loading run 2 from /lab_data/behrmannlab/vlad/hemispace/sub-083/ses-01/derivatives/fsl/loc/run-02/1stLevel.feat/filtered_func_data_reg.nii.gz
2024-10-19 11:27:49,647 - INFO - Functional image: shape=(176, 256, 256, 184), affine=
[[ 9.99984801e-01  3.27428360e-03  4.62767016e-03 -8.79662781e+01]
 [-4.42977808e-03  9.60725665e-01  2.77464598e-01 -1.42918640e+02]
 [-3.53742694e-03 -2.77480662e-01  9.60724711e-01 -1.03514511e+02]
 [ 0.00000000e+00  0.00000000e+00  0.00000000e+00  1.00000000e+00]]
2024-10-19 11:28:33,093 - INFO - Generated mask: shape=(176, 256, 256), affine=
[[ 9.99984801e-01  3.27428360e-03  4.62767016e-03 -8.79662781e+01]
 [-4.42977808e-03  9.60725665e-01  2.77464598e-01 -1.42918640e+02]
 [-3.53742694e-03 -2.77480662e-01  9.60724711e-01 -1.03514511e+02]
 [ 0.00000000e+00  0.00000000e+00  0.00000000e+00  1.00000000e+00]]
2024-10-19 11:29:54,977 - INFO - Cleaned data: shape=(176, 256, 256, 184), min=-8.843806266784668, max=10.742186546325684, mean=-9.7346887889664e-13
2024-10-19 11:29:56,536 - INFO - Memory usage after after loading and cleaning run: 32591.23 MB
2024-10-19 11:30:31,492 - INFO - Concatenated data shape: (176, 256, 256, 368)
2024-10-19 11:30:32,974 - INFO - Memory usage after after concatenating runs: 48783.17 MB
2024-10-19 11:34:22,813 - INFO - Creating Searchlight object for pIPS left...
2024-10-19 11:34:23,087 - INFO - Searchlight object created.
2024-10-19 11:34:23,087 - INFO - Distributing data...
2024-10-19 11:35:38,614 - INFO - Data distribution completed.
2024-10-19 11:35:38,953 - INFO - Broadcasting pIPS time series and psychological covariate...
2024-10-19 11:35:38,954 - INFO - Broadcasting completed.
2024-10-19 11:35:38,954 - INFO - Starting searchlight analysis...
