Traceback (most recent call last):
  File "<string>", line 2, in <module>
ModuleNotFoundError: No module named 'brainiak.utils.fmriroi'
/home/csimmon2/anaconda3/envs/brainiak_env/lib/python3.7/site-packages/nilearn/__init__.py:67: FutureWarning: Python 3.7 support is deprecated and will be removed in release 0.12 of Nilearn. Consider switching to Python 3.9 or 3.10.
  _python_deprecation_warnings()
2024-12-16 10:14:48,821 - INFO - Running searchlight analysis with GCA for Tool localizer...
2024-12-16 10:14:48,878 - INFO - Memory usage after start of ROI/hemi iteration: 142.46 MB
2024-12-16 10:14:48,917 - INFO - Memory usage after start of run combination: 142.46 MB
2024-12-16 10:14:48,917 - INFO - Processing pIPS left for run combination [1, 2] for subject sub-spaceloc2016
2024-12-16 10:14:48,917 - INFO - Output file /lab_data/behrmannlab/vlad/ptoc/sub-spaceloc2016/ses-01//derivatives/gca/searchlight_result_tool_runs12_pIPS_left.nii.gz already exists. Skipping this run.
2024-12-16 10:14:48,955 - INFO - Memory usage after start of run combination: 142.46 MB
2024-12-16 10:14:48,955 - INFO - Processing pIPS left for run combination [2, 1] for subject sub-spaceloc2016
2024-12-16 10:14:48,955 - INFO - Output file /lab_data/behrmannlab/vlad/ptoc/sub-spaceloc2016/ses-01//derivatives/gca/searchlight_result_tool_runs21_pIPS_left.nii.gz already exists. Skipping this run.
2024-12-16 10:14:48,993 - INFO - Memory usage after start of ROI/hemi iteration: 142.46 MB
2024-12-16 10:14:49,030 - INFO - Memory usage after start of run combination: 142.46 MB
2024-12-16 10:14:49,030 - INFO - Processing pIPS right for run combination [1, 2] for subject sub-spaceloc2016
2024-12-16 10:14:49,031 - INFO - Output file /lab_data/behrmannlab/vlad/ptoc/sub-spaceloc2016/ses-01//derivatives/gca/searchlight_result_tool_runs12_pIPS_right.nii.gz already exists. Skipping this run.
2024-12-16 10:14:49,068 - INFO - Memory usage after start of run combination: 142.46 MB
2024-12-16 10:14:49,068 - INFO - Processing pIPS right for run combination [2, 1] for subject sub-spaceloc2016
2024-12-16 10:14:49,069 - INFO - Output file /lab_data/behrmannlab/vlad/ptoc/sub-spaceloc2016/ses-01//derivatives/gca/searchlight_result_tool_runs21_pIPS_right.nii.gz already exists. Skipping this run.
2024-12-16 10:14:49,106 - INFO - Memory usage after start of ROI/hemi iteration: 142.46 MB
2024-12-16 10:14:49,144 - INFO - Memory usage after start of run combination: 142.46 MB
2024-12-16 10:14:49,144 - INFO - Processing LO left for run combination [1, 2] for subject sub-spaceloc2016
2024-12-16 10:14:49,144 - INFO - Output file /lab_data/behrmannlab/vlad/ptoc/sub-spaceloc2016/ses-01//derivatives/gca/searchlight_result_tool_runs12_LO_left.nii.gz already exists. Skipping this run.
2024-12-16 10:14:49,182 - INFO - Memory usage after start of run combination: 142.46 MB
2024-12-16 10:14:49,182 - INFO - Processing LO left for run combination [2, 1] for subject sub-spaceloc2016
2024-12-16 10:14:49,182 - INFO - Output file /lab_data/behrmannlab/vlad/ptoc/sub-spaceloc2016/ses-01//derivatives/gca/searchlight_result_tool_runs21_LO_left.nii.gz already exists. Skipping this run.
2024-12-16 10:14:49,220 - INFO - Memory usage after start of ROI/hemi iteration: 142.46 MB
2024-12-16 10:14:49,257 - INFO - Memory usage after start of run combination: 142.46 MB
2024-12-16 10:14:49,257 - INFO - Processing LO right for run combination [1, 2] for subject sub-spaceloc2016
2024-12-16 10:14:49,518 - INFO - Functional image: shape=(208, 240, 256, 341), affine=
[[ 9.98650074e-01 -2.94012893e-02 -4.27858122e-02 -9.27682495e+01]
 [ 3.10604684e-02  9.98770118e-01  3.86460349e-02 -1.11588562e+02]
 [ 4.15968858e-02 -3.99228707e-02  9.98336554e-01 -1.49376587e+02]
 [ 0.00000000e+00  0.00000000e+00  0.00000000e+00  1.00000000e+00]]
2024-12-16 10:16:05,808 - INFO - Generated mask: shape=(208, 240, 256), affine=
[[ 9.98650074e-01 -2.94012893e-02 -4.27858122e-02 -9.27682495e+01]
 [ 3.10604684e-02  9.98770118e-01  3.86460349e-02 -1.11588562e+02]
 [ 4.15968858e-02 -3.99228707e-02  9.98336554e-01 -1.49376587e+02]
 [ 0.00000000e+00  0.00000000e+00  0.00000000e+00  1.00000000e+00]]
2024-12-16 10:19:39,187 - INFO - Cleaned data: shape=(208, 240, 256, 341), min=-14.304092407226562, max=12.801179885864258, mean=-1.568213138363605e-13
2024-12-16 10:19:40,213 - INFO - Memory usage after after loading and cleaning run: 33458.32 MB
2024-12-16 10:19:40,213 - INFO - Memory usage after after loading analysis run: 33458.32 MB
2024-12-16 10:24:56,369 - INFO - Memory usage after after ROI extraction: 33459.91 MB
2024-12-16 10:24:56,369 - INFO - Creating Searchlight object for LO right...
2024-12-16 10:24:56,371 - INFO - Searchlight object created.
2024-12-16 10:24:56,371 - INFO - Distributing data...
2024-12-16 10:26:56,461 - INFO - Memory usage after after data distribution: 35747.54 MB
2024-12-16 10:26:56,461 - INFO - Broadcasting LO time series and psychological covariate...
2024-12-16 10:26:56,461 - INFO - Broadcasting completed.
2024-12-16 10:26:56,461 - INFO - Starting searchlight analysis...
2024-12-16 14:40:24,224 - INFO - Searchlight analysis completed.
2024-12-16 14:40:24,225 - INFO - Memory usage after after searchlight: 36681.12 MB
2024-12-16 14:40:25,883 - INFO - Saved searchlight result to /lab_data/behrmannlab/vlad/ptoc/sub-spaceloc2016/ses-01//derivatives/gca/searchlight_result_tool_runs12_LO_right.nii.gz
2024-12-16 14:40:26,843 - INFO - Memory usage after after cleanup: 20527.49 MB
2024-12-16 14:40:26,876 - INFO - Memory usage after start of run combination: 20527.49 MB
2024-12-16 14:40:26,876 - INFO - Processing LO right for run combination [2, 1] for subject sub-spaceloc2016
2024-12-16 14:40:27,174 - INFO - Functional image: shape=(208, 240, 256, 341), affine=
[[ 9.98650074e-01 -2.94012893e-02 -4.27858122e-02 -9.27682495e+01]
 [ 3.10604684e-02  9.98770118e-01  3.86460349e-02 -1.11588562e+02]
 [ 4.15968858e-02 -3.99228707e-02  9.98336554e-01 -1.49376587e+02]
 [ 0.00000000e+00  0.00000000e+00  0.00000000e+00  1.00000000e+00]]
2024-12-16 14:41:53,248 - INFO - Generated mask: shape=(208, 240, 256), affine=
[[ 9.98650074e-01 -2.94012893e-02 -4.27858122e-02 -9.27682495e+01]
 [ 3.10604684e-02  9.98770118e-01  3.86460349e-02 -1.11588562e+02]
 [ 4.15968858e-02 -3.99228707e-02  9.98336554e-01 -1.49376587e+02]
 [ 0.00000000e+00  0.00000000e+00  0.00000000e+00  1.00000000e+00]]
2024-12-16 14:46:02,104 - INFO - Cleaned data: shape=(208, 240, 256, 341), min=-15.284860610961914, max=14.035731315612793, mean=-5.569874709502433e-13
2024-12-16 14:46:02,445 - INFO - Memory usage after after loading and cleaning run: 53774.99 MB
2024-12-16 14:46:02,445 - INFO - Memory usage after after loading analysis run: 53774.99 MB
2024-12-16 14:57:43,940 - INFO - Memory usage after after ROI extraction: 52121.16 MB
2024-12-16 14:57:43,941 - INFO - Creating Searchlight object for LO right...
2024-12-16 14:57:44,116 - INFO - Searchlight object created.
2024-12-16 14:57:44,117 - INFO - Distributing data...
2024-12-16 15:00:10,418 - INFO - Memory usage after after data distribution: 36252.21 MB
2024-12-16 15:00:10,418 - INFO - Broadcasting LO time series and psychological covariate...
2024-12-16 15:00:10,418 - INFO - Broadcasting completed.
2024-12-16 15:00:10,418 - INFO - Starting searchlight analysis...
