Traceback (most recent call last):
  File "<string>", line 2, in <module>
ModuleNotFoundError: No module named 'brainiak.utils.fmriroi'
/home/csimmon2/anaconda3/envs/brainiak_env/lib/python3.7/site-packages/nilearn/__init__.py:67: FutureWarning: Python 3.7 support is deprecated and will be removed in release 0.12 of Nilearn. Consider switching to Python 3.9 or 3.10.
  _python_deprecation_warnings()
2024-12-17 09:29:08,147 - INFO - Running searchlight analysis with GCA for Tool localizer...
2024-12-17 09:29:08,587 - INFO - Memory usage after start of ROI/hemi iteration: 142.50 MB
2024-12-17 09:29:08,620 - INFO - Memory usage after start of run combination: 142.50 MB
2024-12-17 09:29:08,621 - INFO - Processing pIPS left for run combination [1, 2] for subject sub-spaceloc2017
2024-12-17 09:29:08,621 - INFO - Output file /lab_data/behrmannlab/vlad/ptoc/sub-spaceloc2017/ses-01//derivatives/gca/searchlight_result_tool_runs12_pIPS_left.nii.gz already exists. Skipping this run.
2024-12-17 09:29:08,650 - INFO - Memory usage after start of run combination: 142.50 MB
2024-12-17 09:29:08,650 - INFO - Processing pIPS left for run combination [2, 1] for subject sub-spaceloc2017
2024-12-17 09:29:08,651 - INFO - Output file /lab_data/behrmannlab/vlad/ptoc/sub-spaceloc2017/ses-01//derivatives/gca/searchlight_result_tool_runs21_pIPS_left.nii.gz already exists. Skipping this run.
2024-12-17 09:29:08,677 - INFO - Memory usage after start of ROI/hemi iteration: 142.50 MB
2024-12-17 09:29:08,701 - INFO - Memory usage after start of run combination: 142.50 MB
2024-12-17 09:29:08,701 - INFO - Processing pIPS right for run combination [1, 2] for subject sub-spaceloc2017
2024-12-17 09:29:09,623 - INFO - Functional image: shape=(208, 240, 256, 341), affine=
[[ 9.99977112e-01 -5.03203087e-03  4.09750594e-03 -1.02518242e+02]
 [ 4.18111077e-03  9.82502997e-01  1.86199844e-01 -1.24265518e+02]
 [-4.96276561e-03 -1.86178789e-01  9.82503355e-01 -1.20453804e+02]
 [ 0.00000000e+00  0.00000000e+00  0.00000000e+00  1.00000000e+00]]
2024-12-17 09:30:30,201 - INFO - Generated mask: shape=(208, 240, 256), affine=
[[ 9.99977112e-01 -5.03203087e-03  4.09750594e-03 -1.02518242e+02]
 [ 4.18111077e-03  9.82502997e-01  1.86199844e-01 -1.24265518e+02]
 [-4.96276561e-03 -1.86178789e-01  9.82503355e-01 -1.20453804e+02]
 [ 0.00000000e+00  0.00000000e+00  0.00000000e+00  1.00000000e+00]]
2024-12-17 09:33:10,105 - INFO - Cl2024-12-17 22:06:29,349 - INFO - Searchlight analysis completed.
2024-12-17 22:06:29,350 - INFO - Memory usage after after searchlight: 36528.52 MB
2024-12-17 22:06:33,794 - INFO - Saved searchlight result to /lab_data/behrmannlab/vlad/ptoc/sub-spaceloc2017/ses-01//derivatives/gca/searchlight_result_tool_runs12_LO_left.nii.gz
2024-12-17 22:06:34,648 - INFO - Memory usage after after cleanup: 20440.27 MB
2024-12-17 22:06:34,671 - INFO - Memory usage after start of run combination: 20440.27 MB
2024-12-17 22:06:34,671 - INFO - Processing LO left for run combination [2, 1] for subject sub-spaceloc2017
2024-12-17 22:06:35,344 - INFO - Functional image: shape=(208, 240, 256, 341), affine=
[[ 9.99977112e-01 -5.03203087e-03  4.09750594e-03 -1.02518242e+02]
 [ 4.18111077e-03  9.82502997e-01  1.86199844e-01 -1.24265518e+02]
 [-4.96276561e-03 -1.86178789e-01  9.82503355e-01 -1.20453804e+02]
 [ 0.00000000e+00  0.00000000e+00  0.00000000e+00  1.00000000e+00]]
2024-12-17 22:07:52,116 - INFO - Generated mask: shape=(208, 240, 256), affine=
[[ 9.99977112e-01 -5.03203087e-03  4.09750594e-03 -1.02518242e+02]
 [ 4.18111077e-03  9.82502997e-01  1.86199844e-01 -1.24265518e+02]
 [-4.96276561e-03 -1.86178789e-01  9.82503355e-01 -1.20453804e+02]
 [ 0.00000000e+00  0.00000000e+00  0.00000000e+00  1.00000000e+00]]
2024-12-17 22:10:31,754 - INFO - Cleaned data: shape=(208, 240, 256, 341), min=-11.67778205871582, max=13.595602035522461, mean=9.865262876769366e-13
2024-12-17 22:10:32,163 - INFO - Memory usage after after loading and cleaning run: 53687.78 MB
2024-12-17 22:10:32,163 - INFO - Memory usage after after loading analysis run: 53687.78 MB
2024-12-17 22:13:52,571 - INFO - Memory usage after after ROI extraction: 53687.78 MB
2024-12-17 22:13:52,571 - INFO - Creating Searchlight object for LO left...
2024-12-17 22:13:52,573 - INFO - Searchlight object created.
2024-12-17 22:13:52,573 - INFO - Distributing data...
2024-12-17 22:14:59,076 - INFO - Memory usage after after data distribution: 35360.08 MB
2024-12-17 22:14:59,076 - INFO - Broadcasting LO time series and psychological covariate...
2024-12-17 22:14:59,076 - INFO - Broadcasting completed.
2024-12-17 22:14:59,076 - INFO - Starting searchlight analysis...
1 - INFO - Cleaned data: shape=(208, 240, 256, 341), min=-11.67778205871582, max=13.595602035522461, mean=9.865262876769366e-13
2024-12-17 13:44:42,413 - INFO - Memory usage after after loading and cleaning run: 53675.80 MB
2024-12-17 13:44:42,413 - INFO - Memory usage after after loading analysis run: 53675.80 MB
2024-12-17 13:48:05,249 - INFO - Memory usage after after ROI extraction: 53676.05 MB
2024-12-17 13:48:05,249 - INFO - Creating Searchlight object for pIPS right...
2024-12-17 13:48:05,251 - INFO - Searchlight object created.
2024-12-17 13:48:05,251 - INFO - Distributing data...
2024-12-17 13:49:10,823 - INFO - Memory usage after after data distribution: 35352.93 MB
2024-12-17 13:49:10,823 - INFO - Broadcasting pIPS time series and psychological covariate...
2024-12-17 13:49:10,824 - INFO - Broadcasting completed.
2024-12-17 13:49:10,824 - INFO - Starting searchlight analysis...
2024-12-17 17:52:59,648 - INFO - Searchlight analysis completed.
2024-12-17 17:52:59,649 - INFO - Memory usage after after searchlight: 36278.55 MB
2024-12-17 17:53:01,738 - INFO - Saved searchlight result to /lab_data/behrmannlab/vlad/ptoc/sub-spaceloc2017/ses-01//derivatives/gca/searchlight_result_tool_runs21_pIPS_right.nii.gz
2024-12-17 17:53:02,542 - INFO - Memory usage after after cleanup: 20447.66 MB
2024-12-17 17:53:02,565 - INFO - Memory usage after start of ROI/hemi iteration: 20447.66 MB
2024-12-17 17:53:02,586 - INFO - Memory usage after start of run combination: 20447.66 MB
2024-12-17 17:53:02,586 - INFO - Processing LO left for run combination [1, 2] for subject sub-spaceloc2017
2024-12-17 17:53:03,125 - INFO - Functional image: shape=(208, 240, 256, 341), affine=
[[ 9.99977112e-01 -5.03203087e-03  4.09750594e-03 -1.02518242e+02]
 [ 4.18111077e-03  9.82502997e-01  1.86199844e-01 -1.24265518e+02]
 [-4.96276561e-03 -1.86178789e-01  9.82503355e-01 -1.20453804e+02]
 [ 0.00000000e+00  0.00000000e+00  0.00000000e+00  1.00000000e+00]]
2024-12-17 17:54:23,359 - INFO - Generated mask: shape=(208, 240, 256), affine=
[[ 9.99977112e-01 -5.03203087e-03  4.09750594e-03 -1.02518242e+02]
 [ 4.18111077e-03  9.82502997e-01  1.86199844e-01 -1.24265518e+02]
 [-4.96276561e-03 -1.86178789e-01  9.82503355e-01 -1.20453804e+02]
 [2024-12-18 02:18:54,899 - INFO - Searchlight analysis completed.
2024-12-18 02:18:54,900 - INFO - Memory usage after after searchlight: 36285.69 MB
2024-12-18 02:19:00,066 - INFO - Saved searchlight result to /lab_data/behrmannlab/vlad/ptoc/sub-spaceloc2017/ses-01//derivatives/gca/searchlight_result_tool_runs21_LO_left.nii.gz
2024-12-18 02:19:00,878 - INFO - Memory usage after after cleanup: 20454.80 MB
2024-12-18 02:19:00,900 - INFO - Memory usage after start of ROI/hemi iteration: 20454.80 MB
2024-12-18 02:19:00,919 - INFO - Memory usage after start of run combination: 20454.80 MB
2024-12-18 02:19:00,919 - INFO - Processing LO right for run combination [1, 2] for subject sub-spaceloc2017
2024-12-18 02:19:01,673 - INFO - Functional image: shape=(208, 240, 256, 341), affine=
[[ 9.99977112e-01 -5.03203087e-03  4.09750594e-03 -1.02518242e+02]
 [ 4.18111077e-03  9.82502997e-01  1.86199844e-01 -1.24265518e+02]
 [-4.96276561e-03 -1.86178789e-01  9.82503355e-01 -1.20453804e+02]
 [ 0.00000000e+00  0.00000000e+00  0.00000000e+00  1.00000000e+00]]
2024-12-18 02:20:20,020 - INFO - Generated mask: shape=(208, 240, 256), affine=
[[ 9.99977112e-01 -5.03203087e-03  4.09750594e-03 -1.02518242e+02]
 [ 4.18111077e-03  9.82502997e-01  1.86199844e-01 -1.24265518e+02]
 [-4.96276561e-03 -1.86178789e-01  9.82503355e-01 -1.20453804e+02]
 [ 0.00000000e+00  0.00000000e+00  0.00000000e+00  1.00000000e+00]]
2024-12-18 02:23:00,076 - INFO - Cleaned data: shape=(208, 240, 256, 341), min=-11.527119636535645, max=13.279486656188965, mean=2.7076144498818664e-12
2024-12-18 02:23:00,494 - INFO - Memory usage after after loading and cleaning run: 53702.05 MB
2024-12-18 02:23:00,494 - INFO - Memory usage after after loading analysis run: 53702.05 MB
2024-12-18 02:26:20,722 - INFO - Memory usage after after ROI extraction: 53702.05 MB
2024-12-18 02:26:20,722 - INFO - Creating Searchlight object for LO right...
2024-12-18 02:26:20,725 - INFO - Searchlight object created.
2024-12-18 02:26:20,725 - INFO - Distributing data...
2024-12-18 02:27:31,467 - INFO - Memory usage after after data distribution: 35617.10 MB
2024-12-18 02:27:31,467 - INFO - Broadcasting LO time series and psychological covariate...
2024-12-18 02:27:31,468 - INFO - Broadcasting completed.
2024-12-18 02:27:31,468 - INFO - Starting searchlight analysis...
                                                                                                                                                                                                                                                                                                                                                                                                                                                                                                                                                                                                                                                                                                                                                                                                                                                                                                                                                                                                                                                                                                                                                                                                                                                                                                                                                                                                                                                                                                                                                                                                                                                                                                                                                                                                                                                                                                                                                                                                                                                                                                                                                                                                                                                                                                                                                                                                                                   2024-12-18 06:31:52,133 - INFO - Searchlight analysis completed.
2024-12-18 06:31:52,134 - INFO - Memory usage after after searchlight: 36542.80 MB
2024-12-18 06:31:56,433 - INFO - Saved searchlight result to /lab_data/behrmannlab/vlad/ptoc/sub-spaceloc2017/ses-01//derivatives/gca/searchlight_result_tool_runs12_LO_right.nii.gz
2024-12-18 06:31:57,272 - INFO - Memory usage after after cleanup: 20454.80 MB
2024-12-18 06:31:57,294 - INFO - Memory usage after start of run combination: 20454.80 MB
2024-12-18 06:31:57,294 - INFO - Processing LO right for run combination [2, 1] for subject sub-spaceloc2017
2024-12-18 06:31:58,275 - INFO - Functional image: shape=(208, 240, 256, 341), affine=
[[ 9.99977112e-01 -5.03203087e-03  4.09750594e-03 -1.02518242e+02]
 [ 4.18111077e-03  9.82502997e-01  1.86199844e-01 -1.24265518e+02]
 [-4.96276561e-03 -1.86178789e-01  9.82503355e-01 -1.20453804e+02]
 [ 0.00000000e+00  0.00000000e+00  0.00000000e+00  1.00000000e+00]]
2024-12-18 06:33:16,214 - INFO - Generated mask: shape=(208, 240, 256), affine=
[[ 9.99977112e-01 -5.03203087e-03  4.09750594e-03 -1.02518242e+02]
 [ 4.18111077e-03  9.82502997e-01  1.86199844e-01 -1.24265518e+02]
 [-4.96276561e-03 -1.86178789e-01  9.82503355e-01 -1.20453804e+02]
 [ 0.00000000e+00  0.00000000e+00  0.00000000e+00  1.00000000e+00]]
2024-12-18 06:35:58,632 - INFO - Cleaned data: shape=(208, 240, 256, 341), min=-11.67778205871582, max=13.595602035522461, mean=9.865262876769366e-13
2024-12-18 06:35:59,015 - INFO - Memory usage after after loading and cleaning run: 53702.30 MB
2024-12-18 06:35:59,015 - INFO - Memory usage after after loading analysis run: 53702.30 MB
2024-12-18 06:39:20,428 - INFO - Memory usage after after ROI extraction: 53702.30 MB
2024-12-18 06:39:20,428 - INFO - Creating Searchlight object for LO right...
2024-12-18 06:39:20,430 - INFO - Searchlight object created.
2024-12-18 06:39:20,430 - INFO - Distributing data...
2024-12-18 06:40:30,942 - INFO - Memory usage after after data distribution: 35374.48 MB
2024-12-18 06:40:30,942 - INFO - Broadcasting LO time series and psychological covariate...
2024-12-18 06:40:30,942 - INFO - Broadcasting completed.
2024-12-18 06:40:30,942 - INFO - Starting searchlight analysis...
                                                                                                                                                                                                                                                                                                                                                                                                                                                                                                                                                                                                                                                                                                                                                                                                                                                                                                                                                                                                                                                                                                                                                                                                                                                                                                                                                                                                                                                                                                                                                                                                                                                                                                                                                                                                                                                                                                                                                                                                                                                                                                                                                                                                                                                                                                                                     slurmstepd: error: *** JOB 2071166 ON mind-0-3 CANCELLED AT 2024-12-18T08:37:44 ***
slurmstepd: error: *** JOB 2071183 ON mind-1-1 CANCELLED AT 2024-12-18T09:07:19 ***
