Traceback (most recent call last):
  File "<string>", line 2, in <module>
ModuleNotFoundError: No module named 'brainiak.utils.fmriroi'
/home/csimmon2/anaconda3/envs/brainiak_env/lib/python3.7/site-packages/nilearn/__init__.py:67: FutureWarning: Python 3.7 support is deprecated and will be removed in release 0.12 of Nilearn. Consider switching to Python 3.9 or 3.10.
  _python_deprecation_warnings()
2025-01-01 15:38:24,168 - INFO - Running searchlight analysis with GCA for Tool localizer...
2025-01-01 15:38:24,216 - INFO - Memory usage after start of ROI/hemi iteration: 142.76 MB
2025-01-01 15:38:24,251 - INFO - Memory usage after start of run combination: 142.76 MB
2025-01-01 15:38:24,251 - INFO - Processing pIPS left for run combination [1, 2] for subject sub-spaceloc1012
2025-01-01 15:38:24,436 - INFO - Functional image: shape=(208, 240, 256, 341), affine=
[[ 9.99633670e-01 -2.68912259e-02 -2.42246012e-03 -9.79729156e+01]
 [ 2.69825663e-02  9.91728306e-01  1.25486717e-01 -1.17756119e+02]
 [-9.72067588e-04 -1.25506327e-01  9.92092371e-01 -1.37988770e+02]
 [ 0.00000000e+00  0.00000000e+00  0.00000000e+00  1.00000000e+00]]
2025-01-01 15:39:50,319 - INFO - Generated mask: shape=(208, 240, 256), affine=
[[ 9.99633670e-01 -2.68912259e-02 -2.42246012e-03 -9.79729156e+01]
 [ 2.69825663e-02  9.91728306e-01  1.25486717e-01 -1.17756119e+02]
 [-9.72067588e-04 -1.25506327e-01  9.92092371e-01 -1.37988770e+02]
 [ 0.00000000e+00  0.00000000e+00  0.00000000e+00  1.00000000e+00]]
2025-01-01 15:42:27,821 - INFO - Cleaned data: shape=(208, 240, 256, 341), min=-11.499342918395996, max=10.76090145111084, mean=2.288812743698315e-12
2025-01-01 15:42:28,347 - INFO - Memory usage after after loading and cleaning run: 33458.15 MB
2025-01-01 15:42:28,347 - INFO - Memory usage after after loading analysis run: 33458.15 MB
2025-01-01 15:48:04,418 - INFO - Memory usage after after ROI extraction: 33459.83 MB
2025-01-01 15:48:04,419 - INFO - Creating Searchlight object for pIPS left...
2025-01-01 15:48:04,421 - INFO - Searchlight object created.
2025-01-01 15:48:04,421 - INFO - Distributing data...
2025-01-01 15:50:07,872 - INFO - Memory usage after after data distribution: 35618.90 MB
2025-01-01 15:50:07,873 - INFO - Broadcasting pIPS time series and psychological covariate...
2025-01-01 15:50:07,873 - INFO - Broadcasting completed.
2025-01-01 15:50:07,873 - INFO - Starting searchlight analysis...
2025-01-01 20:12:30,247 - INFO - Searchlight analysis completed.
2025-01-01 20:12:30,248 - INFO - Memory usage after after searchlight: 36545.46 MB
2025-01-01 20:12:32,109 - INFO - Saved searchlight result to /lab_data/behrmannlab/vlad/ptoc/sub-spaceloc1012/ses-01//derivatives/gca/searchlight_result_tool_runs12_pIPS_left_1217.nii.gz
2025-01-01 20:12:33,085 - INFO - Memory usage after after cleanup: 20456.78 MB
2025-01-01 20:12:33,117 - INFO - Memory usage after start of run combination: 20456.78 MB
2025-01-01 20:12:33,117 - INFO - Processing pIPS left for run combination [2, 1] for subject sub-spaceloc1012
2025-01-01 20:12:33,378 - INFO - Functional image: shape=(208, 240, 256, 341), affine=
[[ 9.99633670e-01 -2.68912259e-02 -2.42246012e-03 -9.79729156e+01]
 [ 2.69825663e-02  9.91728306e-01  1.25486717e-01 -1.17756119e+02]
 [-9.72067588e-04 -1.25506327e-01  9.92092371e-01 -1.37988770e+02]
 [ 0.00000000e+00  0.00000000e+00  0.00000000e+00  1.00000000e+00]]
2025-01-01 20:13:59,375 - INFO - Generated mask: shape=(208, 240, 256), affine=
[[ 9.99633670e-01 -2.68912259e-02 -2.42246012e-03 -9.79729156e+01]
 [ 2.69825663e-02  9.91728306e-01  1.25486717e-01 -1.17756119e+02]
 [-9.72067588e-04 -1.25506327e-01  9.92092371e-01 -1.37988770e+02]
 [ 0.00000000e+00  0.00000000e+00  0.00000000e+00  1.00000000e+00]]
2025-01-01 20:16:47,086 - INFO - Cleaned data: shape=(208, 240, 256, 341), min=-9.865824699401855, max=13.637868881225586, mean=3.8115906990337585e-12
2025-01-01 20:16:47,283 - INFO - Memory usage after after loading and cleaning run: 53704.28 MB
2025-01-01 20:16:47,284 - INFO - Memory usage after after loading analysis run: 53704.28 MB
2025-01-01 20:22:26,595 - INFO - Memory usage after after ROI extraction: 53704.28 MB
2025-01-01 20:22:26,596 - INFO - Creating Searchlight object for pIPS left...
2025-01-01 20:22:26,597 - INFO - Searchlight object created.
2025-01-01 20:22:26,597 - INFO - Distributing data...
2025-01-01 20:24:09,685 - INFO - Memory usage after after data distribution: 35666.96 MB
2025-01-01 20:24:09,686 - INFO - Broadcasting pIPS time series and psychological covariate...
2025-01-01 20:24:09,686 - INFO - Broadcasting completed.
2025-01-01 20:24:09,686 - INFO - Starting searchlight analysis...
