Traceback (most recent call last):
  File "<string>", line 2, in <module>
ModuleNotFoundError: No module named 'brainiak.utils.fmriroi'
/home/csimmon2/anaconda3/envs/brainiak_env/lib/python3.7/site-packages/nilearn/__init__.py:67: FutureWarning: Python 3.7 support is deprecated and will be removed in release 0.12 of Nilearn. Consider switching to Python 3.9 or 3.10.
  _python_deprecation_warnings()
2024-10-23 20:50:20,139 - INFO - Running searchlight analysis with GCA for Object...
2024-10-23 20:50:20,854 - INFO - Processing pIPS left for run combination [1, 2] for subject sub-107
2024-10-23 20:50:20,855 - INFO - Loading run 1 from /lab_data/behrmannlab/vlad/hemispace/sub-107/ses-01/derivatives/fsl/loc/run-01/1stLevel.feat/filtered_func_data_reg.nii.gz
2024-10-23 20:50:21,781 - INFO - Functional image: shape=(176, 256, 256, 184), affine=
[[ 9.90944207e-01  1.22410357e-01 -5.51351495e-02 -9.35199890e+01]
 [-1.25377983e-01  9.90636528e-01 -5.40325344e-02 -8.15031891e+01]
 [ 4.80046198e-02  6.04561269e-02  9.97015834e-01 -1.20744064e+02]
 [ 0.00000000e+00  0.00000000e+00  0.00000000e+00  1.00000000e+00]]
2024-10-23 20:51:09,387 - INFO - Generated mask: shape=(176, 256, 256), affine=
[[ 9.90944207e-01  1.22410357e-01 -5.51351495e-02 -9.35199890e+01]
 [-1.25377983e-01  9.90636528e-01 -5.40325344e-02 -8.15031891e+01]
 [ 4.80046198e-02  6.04561269e-02  9.97015834e-01 -1.20744064e+02]
 [ 0.00000000e+00  0.00000000e+00  0.00000000e+00  1.00000000e+00]]
2024-10-23 20:52:04,018 - INFO - Cleaned data: shape=(176, 256, 256, 184), min=-8.130642890930176, max=10.605079650878906, mean=1.8769336951517634e-12
2024-10-23 20:52:04,094 - INFO - Memory usage after after loading and cleaning run: 16400.44 MB
2024-10-23 20:52:04,094 - INFO - Loading run 2 from /lab_data/behrmannlab/vlad/hemispace/sub-107/ses-01/derivatives/fsl/loc/run-02/1stLevel.feat/filtered_func_data_reg.nii.gz
2024-10-23 20:52:04,604 - INFO - Functional image: shape=(176, 256, 256, 184), affine=
[[ 9.90944207e-01  1.22410357e-01 -5.51351495e-02 -9.35199890e+01]
 [-1.25377983e-01  9.90636528e-01 -5.40325344e-02 -8.15031891e+01]
 [ 4.80046198e-02  6.04561269e-02  9.97015834e-01 -1.20744064e+02]
 [ 0.00000000e+00  0.00000000e+00  0.00000000e+00  1.00000000e+00]]
2024-10-23 20:52:51,433 - INFO - Generated mask: shape=(176, 256, 256), affine=
[[ 9.90944207e-01  1.22410357e-01 -5.51351495e-02 -9.35199890e+01]
 [-1.25377983e-01  9.90636528e-01 -5.40325344e-02 -8.15031891e+01]
 [ 4.80046198e-02  6.04561269e-02  9.97015834e-01 -1.20744064e+02]
 [ 0.00000000e+00  0.00000000e+00  0.00000000e+00  1.00000000e+00]]
2024-10-23 20:53:46,402 - INFO - Cleaned data: shape=(176, 256, 256, 184), min=-10.230112075805664, max=10.019224166870117, mean=1.4714355268616177e-12
2024-10-23 20:53:46,496 - INFO - Memory usage after after loading and cleaning run: 32606.75 MB
2024-10-23 20:54:06,310 - INFO - Concatenated data shape: (176, 256, 256, 368)
2024-10-23 20:54:06,408 - INFO - Memory usage after after concatenating runs: 48799.65 MB
2024-10-23 20:57:48,890 - INFO - Creating Searchlight object for pIPS left...
2024-10-23 20:57:48,894 - INFO - Searchlight object created.
2024-10-23 20:57:48,894 - INFO - Distributing data...
2024-10-23 20:59:16,663 - INFO - Data distribution completed.
2024-10-23 20:59:16,664 - INFO - Broadcasting pIPS time series and psychological covariate...
2024-10-23 20:59:16,664 - INFO - Broadcasting completed.
2024-10-23 20:59:16,664 - INFO - Starting searchlight analysis...
