Traceback (most recent call last):
  File "<string>", line 2, in <module>
ModuleNotFoundError: No module named 'brainiak.utils.fmriroi'
/home/csimmon2/anaconda3/envs/brainiak_env/lib/python3.7/site-packages/nilearn/__init__.py:67: FutureWarning: Python 3.7 support is deprecated and will be removed in release 0.12 of Nilearn. Consider switching to Python 3.9 or 3.10.
  _python_deprecation_warnings()
2024-10-18 01:26:32,284 - INFO - Running searchlight analysis with GCA for Object...
2024-10-18 01:26:33,210 - INFO - Processing pIPS left for run combination [1, 2] for subject sub-057
2024-10-18 01:26:33,392 - INFO - Output file /lab_data/behrmannlab/vlad/ptoc/sub-057/ses-01//derivatives/gca/searchlight_result_object_runs12_pIPS_left.nii.gz already exists. Skipping this run.
2024-10-18 01:26:33,392 - INFO - Processing pIPS left for run combination [1, 3] for subject sub-057
2024-10-18 01:26:33,408 - INFO - Output file /lab_data/behrmannlab/vlad/ptoc/sub-057/ses-01//derivatives/gca/searchlight_result_object_runs13_pIPS_left.nii.gz already exists. Skipping this run.
2024-10-18 01:26:33,408 - INFO - Processing pIPS left for run combination [2, 3] for subject sub-057
2024-10-18 01:26:33,412 - INFO - Output file /lab_data/behrmannlab/vlad/ptoc/sub-057/ses-01//derivatives/gca/searchlight_result_object_runs23_pIPS_left.nii.gz already exists. Skipping this run.
2024-10-18 01:26:33,412 - INFO - Processing pIPS right for run combination [1, 2] for subject sub-057
2024-10-18 01:26:33,417 - INFO - Output file /lab_data/behrmannlab/vlad/ptoc/sub-057/ses-01//derivatives/gca/searchlight_result_object_runs12_pIPS_right.nii.gz already exists. Skipping this run.
2024-10-18 01:26:33,418 - INFO - Processing pIPS right for run combination [1, 3] for subject sub-057
2024-10-18 01:26:33,418 - INFO - Loading run 1 from /lab_data/behrmannlab/vlad/hemispace/sub-057/ses-01/derivatives/fsl/loc/run-01/1stLevel.feat/filtered_func_data_reg.nii.gz
2024-10-18 01:26:33,946 - INFO - Functional image: shape=(176, 256, 256, 184), affine=
[[ 9.98748958e-01 -3.69351618e-02 -3.37602757e-02 -7.90089111e+01]
 [ 4.35439907e-02  9.73920584e-01  2.22671375e-01 -1.34343277e+02]
 [ 2.46554669e-02 -2.23862469e-01  9.74308789e-01 -1.18989662e+02]
 [ 0.00000000e+00  0.00000000e+00  0.00000000e+00  1.00000000e+00]]
2024-10-18 01:27:16,663 - INFO - Generated mask: shape=(176, 256, 256), affine=
[[ 9.98748958e-01 -3.69351618e-02 -3.37602757e-02 -7.90089111e+01]
 [ 4.35439907e-02  9.73920584e-01  2.22671375e-01 -1.34343277e+02]
 [ 2.46554669e-02 -2.23862469e-01  9.74308789e-01 -1.18989662e+02]
 [ 0.00000000e+00  0.00000000e+00  0.00000000e+00  1.00000000e+00]]
2024-10-18 01:28:06,911 - INFO - Cleaned data: shape=(176, 256, 256, 184), min=-11.830739974975586, max=12.323391914367676, mean=-1.3267190539456684e-12
2024-10-18 01:28:06,981 - INFO - Memory usage after after loading and cleaning run: 16396.48 MB
2024-10-18 01:28:06,981 - INFO - Loading run 3 from /lab_data/behrmannlab/vlad/hemispace/sub-057/ses-01/derivatives/fsl/loc/run-03/1stLevel.feat/filtered_func_data_reg.nii.gz
2024-10-18 01:28:07,547 - INFO - Functional image: shape=(176, 256, 256, 184), affine=
[[ 9.98748958e-01 -3.69351618e-02 -3.37602757e-02 -7.90089111e+01]
 [ 4.35439907e-02  9.73920584e-01  2.22671375e-01 -1.34343277e+02]
 [ 2.46554669e-02 -2.23862469e-01  9.74308789e-01 -1.18989662e+02]
 [ 0.00000000e+00  0.00000000e+00  0.00000000e+00  1.00000000e+00]]
2024-10-18 01:28:49,373 - INFO - Generated mask: shape=(176, 256, 256), affine=
[[ 9.98748958e-01 -3.69351618e-02 -3.37602757e-02 -7.90089111e+01]
 [ 4.35439907e-02  9.73920584e-01  2.22671375e-01 -1.34343277e+02]
 [ 2.46554669e-02 -2.23862469e-01  9.74308789e-01 -1.18989662e+02]
 [ 0.00000000e+00  0.00000000e+00  0.00000000e+00  1.00000000e+00]]
2024-10-18 01:29:39,554 - INFO - Cleaned data: shape=(176, 256, 256, 184), min=-10.66965103149414, max=10.375877380371094, mean=3.3768643143607876e-14
2024-10-18 01:29:39,641 - INFO - Memory usage after after loading and cleaning run: 32602.76 MB
2024-10-18 01:30:00,360 - INFO - Concatenated data shape: (176, 256, 256, 368)
2024-10-18 01:30:00,453 - INFO - Memory usage after after concatenating runs: 48794.76 MB
2024-10-18 01:34:15,763 - INFO - Creating Searchlight object for pIPS right...
2024-10-18 01:34:15,765 - INFO - Searchlight object created.
2024-10-18 01:34:15,766 - INFO - Distributing data...
2024-10-18 01:35:58,691 - INFO - Data distribution completed.
2024-10-18 01:35:58,692 - INFO - Broadcasting pIPS time series and psychological covariate...
2024-10-18 01:35:58,692 - INFO - Broadcasting completed.
2024-10-18 01:35:58,692 - INFO - Starting searchlight analysis...
2024-10-18 06:17:27,154 - INFO - Searchlight analysis completed.
2024-10-18 06:17:27,155 - INFO - Memory usage after after searchlight: 85179.84 MB
2024-10-18 06:17:29,322 - INFO - Saved searchlight result to /lab_data/behrmannlab/vlad/ptoc/sub-057/ses-01//derivatives/gca/searchlight_result_object_runs13_pIPS_right.nii.gz
2024-10-18 06:17:30,893 - INFO - Processing pIPS right for run combination [2, 3] for subject sub-057
2024-10-18 06:17:30,894 - INFO - Loading run 2 from /lab_data/behrmannlab/vlad/hemispace/sub-057/ses-01/derivatives/fsl/loc/run-02/1stLevel.feat/filtered_func_data_reg.nii.gz
2024-10-18 06:17:31,284 - INFO - Functional image: shape=(176, 256, 256, 184), affine=
[[ 9.98748958e-01 -3.69351618e-02 -3.37602757e-02 -7.90089111e+01]
 [ 4.35439907e-02  9.73920584e-01  2.22671375e-01 -1.34343277e+02]
 [ 2.46554669e-02 -2.23862469e-01  9.74308789e-01 -1.18989662e+02]
 [ 0.00000000e+00  0.00000000e+00  0.00000000e+00  1.00000000e+00]]
2024-10-18 06:18:15,241 - INFO - Generated mask: shape=(176, 256, 256), affine=
[[ 9.98748958e-01 -3.69351618e-02 -3.37602757e-02 -7.90089111e+01]
 [ 4.35439907e-02  9.73920584e-01  2.22671375e-01 -1.34343277e+02]
 [ 2.46554669e-02 -2.23862469e-01  9.74308789e-01 -1.18989662e+02]
 [ 0.00000000e+00  0.00000000e+00  0.00000000e+00  1.00000000e+00]]
2024-10-18 06:19:09,180 - INFO - Cleaned data: shape=(176, 256, 256, 184), min=-11.941486358642578, max=11.691728591918945, mean=1.575157737966116e-12
2024-10-18 06:19:09,230 - INFO - Memory usage after after loading and cleaning run: 68140.15 MB
2024-10-18 06:19:09,272 - INFO - Loading run 3 from /lab_data/behrmannlab/vlad/hemispace/sub-057/ses-01/derivatives/fsl/loc/run-03/1stLevel.feat/filtered_func_data_reg.nii.gz
2024-10-18 06:19:09,424 - INFO - Functional image: shape=(176, 256, 256, 184), affine=
[[ 9.98748958e-01 -3.69351618e-02 -3.37602757e-02 -7.90089111e+01]
 [ 4.35439907e-02  9.73920584e-01  2.22671375e-01 -1.34343277e+02]
 [ 2.46554669e-02 -2.23862469e-01  9.74308789e-01 -1.18989662e+02]
 [ 0.00000000e+00  0.00000000e+00  0.00000000e+00  1.00000000e+00]]
2024-10-18 06:19:49,791 - INFO - Generated mask: shape=(176, 256, 256), affine=
[[ 9.98748958e-01 -3.69351618e-02 -3.37602757e-02 -7.90089111e+01]
 [ 4.35439907e-02  9.73920584e-01  2.22671375e-01 -1.34343277e+02]
 [ 2.46554669e-02 -2.23862469e-01  9.74308789e-01 -1.18989662e+02]
 [ 0.00000000e+00  0.00000000e+00  0.00000000e+00  1.00000000e+00]]
2024-10-18 06:20:38,972 - INFO - Cleaned data: shape=(176, 256, 256, 184), min=-10.66965103149414, max=10.375877380371094, mean=3.3768643143607876e-14
2024-10-18 06:20:39,038 - INFO - Memory usage after after loading and cleaning run: 68052.15 MB
2024-10-18 06:21:09,728 - INFO - Concatenated data shape: (176, 256, 256, 368)
2024-10-18 06:21:10,379 - INFO - Memory usage after after concatenating runs: 84244.15 MB
2024-10-18 06:26:58,528 - INFO - Creating Searchlight object for pIPS right...
2024-10-18 06:26:59,626 - INFO - Searchlight object created.
2024-10-18 06:26:59,626 - INFO - Distributing data...
2024-10-18 06:28:42,557 - INFO - Data distribution completed.
2024-10-18 06:28:42,557 - INFO - Broadcasting pIPS time series and psychological covariate...
2024-10-18 06:28:42,558 - INFO - Broadcasting completed.
2024-10-18 06:28:42,558 - INFO - Starting searchlight analysis...
2024-10-18 11:10:46,525 - INFO - Searchlight analysis completed.
2024-10-18 11:10:46,527 - INFO - Memory usage after after searchlight: 85151.87 MB
2024-10-18 11:10:48,431 - INFO - Saved searchlight result to /lab_data/behrmannlab/vlad/ptoc/sub-057/ses-01//derivatives/gca/searchlight_result_object_runs23_pIPS_right.nii.gz
2024-10-18 11:10:50,693 - INFO - Processing LO left for run combination [1, 2] for subject sub-057
2024-10-18 11:10:50,694 - INFO - Loading run 1 from /lab_data/behrmannlab/vlad/hemispace/sub-057/ses-01/derivatives/fsl/loc/run-01/1stLevel.feat/filtered_func_data_reg.nii.gz
2024-10-18 11:10:50,962 - INFO - Functional image: shape=(176, 256, 256, 184), affine=
[[ 9.98748958e-01 -3.69351618e-02 -3.37602757e-02 -7.90089111e+01]
 [ 4.35439907e-02  9.73920584e-01  2.22671375e-01 -1.34343277e+02]
 [ 2.46554669e-02 -2.23862469e-01  9.74308789e-01 -1.18989662e+02]
 [ 0.00000000e+00  0.00000000e+00  0.00000000e+00  1.00000000e+00]]
2024-10-18 11:11:35,024 - INFO - Generated mask: shape=(176, 256, 256), affine=
[[ 9.98748958e-01 -3.69351618e-02 -3.37602757e-02 -7.90089111e+01]
 [ 4.35439907e-02  9.73920584e-01  2.22671375e-01 -1.34343277e+02]
 [ 2.46554669e-02 -2.23862469e-01  9.74308789e-01 -1.18989662e+02]
 [ 0.00000000e+00  0.00000000e+00  0.00000000e+00  1.00000000e+00]]
2024-10-18 11:12:30,757 - INFO - Cleaned data: shape=(176, 256, 256, 184), min=-11.830739974975586, max=12.323391914367676, mean=-1.3267190539456684e-12
2024-10-18 11:12:30,814 - INFO - Memory usage after after loading and cleaning run: 68183.76 MB
2024-10-18 11:12:30,934 - INFO - Loading run 2 from /lab_data/behrmannlab/vlad/hemispace/sub-057/ses-01/derivatives/fsl/loc/run-02/1stLevel.feat/filtered_func_data_reg.nii.gz
2024-10-18 11:12:31,148 - INFO - Functional image: shape=(176, 256, 256, 184), affine=
[[ 9.98748958e-01 -3.69351618e-02 -3.37602757e-02 -7.90089111e+01]
 [ 4.35439907e-02  9.73920584e-01  2.22671375e-01 -1.34343277e+02]
 [ 2.46554669e-02 -2.23862469e-01  9.74308789e-01 -1.18989662e+02]
 [ 0.00000000e+00  0.00000000e+00  0.00000000e+00  1.00000000e+00]]
2024-10-18 11:13:14,157 - INFO - Generated mask: shape=(176, 256, 256), affine=
[[ 9.98748958e-01 -3.69351618e-02 -3.37602757e-02 -7.90089111e+01]
 [ 4.35439907e-02  9.73920584e-01  2.22671375e-01 -1.34343277e+02]
 [ 2.46554669e-02 -2.23862469e-01  9.74308789e-01 -1.18989662e+02]
 [ 0.00000000e+00  0.00000000e+00  0.00000000e+00  1.00000000e+00]]
2024-10-18 11:14:10,349 - INFO - Cleaned data: shape=(176, 256, 256, 184), min=-11.941486358642578, max=11.691728591918945, mean=1.575157737966116e-12
2024-10-18 11:14:10,399 - INFO - Memory usage after after loading and cleaning run: 68185.78 MB
2024-10-18 11:14:40,974 - INFO - Concatenated data shape: (176, 256, 256, 368)
2024-10-18 11:14:41,496 - INFO - Memory usage after after concatenating runs: 84377.78 MB
2024-10-18 11:19:53,679 - INFO - Creating Searchlight object for LO left...
2024-10-18 11:19:54,931 - INFO - Searchlight object created.
2024-10-18 11:19:54,931 - INFO - Distributing data...
2024-10-18 11:21:32,558 - INFO - Data distribution completed.
2024-10-18 11:21:32,559 - INFO - Broadcasting LO time series and psychological covariate...
2024-10-18 11:21:32,559 - INFO - Broadcasting completed.
2024-10-18 11:21:32,559 - INFO - Starting searchlight analysis...
2024-10-18 16:08:19,470 - INFO - Searchlight analysis completed.
2024-10-18 16:08:19,471 - INFO - Memory usage after after searchlight: 85005.83 MB
2024-10-18 16:08:21,492 - INFO - Saved searchlight result to /lab_data/behrmannlab/vlad/ptoc/sub-057/ses-01//derivatives/gca/searchlight_result_object_runs12_LO_left.nii.gz
2024-10-18 16:08:23,978 - INFO - Processing LO left for run combination [1, 3] for subject sub-057
2024-10-18 16:08:23,980 - INFO - Loading run 1 from /lab_data/behrmannlab/vlad/hemispace/sub-057/ses-01/derivatives/fsl/loc/run-01/1stLevel.feat/filtered_func_data_reg.nii.gz
2024-10-18 16:08:24,099 - INFO - Functional image: shape=(176, 256, 256, 184), affine=
[[ 9.98748958e-01 -3.69351618e-02 -3.37602757e-02 -7.90089111e+01]
 [ 4.35439907e-02  9.73920584e-01  2.22671375e-01 -1.34343277e+02]
 [ 2.46554669e-02 -2.23862469e-01  9.74308789e-01 -1.18989662e+02]
 [ 0.00000000e+00  0.00000000e+00  0.00000000e+00  1.00000000e+00]]
2024-10-18 16:09:06,670 - INFO - Generated mask: shape=(176, 256, 256), affine=
[[ 9.98748958e-01 -3.69351618e-02 -3.37602757e-02 -7.90089111e+01]
 [ 4.35439907e-02  9.73920584e-01  2.22671375e-01 -1.34343277e+02]
 [ 2.46554669e-02 -2.23862469e-01  9.74308789e-01 -1.18989662e+02]
 [ 0.00000000e+00  0.00000000e+00  0.00000000e+00  1.00000000e+00]]
2024-10-18 16:09:59,388 - INFO - Cleaned data: shape=(176, 256, 256, 184), min=-11.830739974975586, max=12.323391914367676, mean=-1.3267190539456684e-12
2024-10-18 16:09:59,438 - INFO - Memory usage after after loading and cleaning run: 67963.27 MB
2024-10-18 16:09:59,789 - INFO - Loading run 3 from /lab_data/behrmannlab/vlad/hemispace/sub-057/ses-01/derivatives/fsl/loc/run-03/1stLevel.feat/filtered_func_data_reg.nii.gz
2024-10-18 16:09:59,870 - INFO - Functional image: shape=(176, 256, 256, 184), affine=
[[ 9.98748958e-01 -3.69351618e-02 -3.37602757e-02 -7.90089111e+01]
 [ 4.35439907e-02  9.73920584e-01  2.22671375e-01 -1.34343277e+02]
 [ 2.46554669e-02 -2.23862469e-01  9.74308789e-01 -1.18989662e+02]
 [ 0.00000000e+00  0.00000000e+00  0.00000000e+00  1.00000000e+00]]
2024-10-18 16:10:42,051 - INFO - Generated mask: shape=(176, 256, 256), affine=
[[ 9.98748958e-01 -3.69351618e-02 -3.37602757e-02 -7.90089111e+01]
 [ 4.35439907e-02  9.73920584e-01  2.22671375e-01 -1.34343277e+02]
 [ 2.46554669e-02 -2.23862469e-01  9.74308789e-01 -1.18989662e+02]
 [ 0.00000000e+00  0.00000000e+00  0.00000000e+00  1.00000000e+00]]
2024-10-18 16:11:35,126 - INFO - Cleaned data: shape=(176, 256, 256, 184), min=-10.66965103149414, max=10.375877380371094, mean=3.3768643143607876e-14
2024-10-18 16:11:35,176 - INFO - Memory usage after after loading and cleaning run: 67963.27 MB
2024-10-18 16:12:07,648 - INFO - Concatenated data shape: (176, 256, 256, 368)
2024-10-18 16:12:08,391 - INFO - Memory usage after after concatenating runs: 84155.27 MB
2024-10-18 16:17:24,507 - INFO - Creating Searchlight object for LO left...
2024-10-18 16:17:24,523 - INFO - Searchlight object created.
2024-10-18 16:17:24,523 - INFO - Distributing data...
2024-10-18 16:18:54,562 - INFO - Data distribution completed.
2024-10-18 16:18:54,562 - INFO - Broadcasting LO time series and psychological covariate...
2024-10-18 16:18:54,562 - INFO - Broadcasting completed.
2024-10-18 16:18:54,562 - INFO - Starting searchlight analysis...
2024-10-18 21:04:30,336 - INFO - Searchlight analysis completed.
2024-10-18 21:04:30,338 - INFO - Memory usage after after searchlight: 85242.84 MB
2024-10-18 21:04:32,616 - INFO - Saved searchlight result to /lab_data/behrmannlab/vlad/ptoc/sub-057/ses-01//derivatives/gca/searchlight_result_object_runs13_LO_left.nii.gz
2024-10-18 21:04:35,063 - INFO - Processing LO left for run combination [2, 3] for subject sub-057
2024-10-18 21:04:35,141 - INFO - Loading run 2 from /lab_data/behrmannlab/vlad/hemispace/sub-057/ses-01/derivatives/fsl/loc/run-02/1stLevel.feat/filtered_func_data_reg.nii.gz
2024-10-18 21:04:35,783 - INFO - Functional image: shape=(176, 256, 256, 184), affine=
[[ 9.98748958e-01 -3.69351618e-02 -3.37602757e-02 -7.90089111e+01]
 [ 4.35439907e-02  9.73920584e-01  2.22671375e-01 -1.34343277e+02]
 [ 2.46554669e-02 -2.23862469e-01  9.74308789e-01 -1.18989662e+02]
 [ 0.00000000e+00  0.00000000e+00  0.00000000e+00  1.00000000e+00]]
2024-10-18 21:05:21,726 - INFO - Generated mask: shape=(176, 256, 256), affine=
[[ 9.98748958e-01 -3.69351618e-02 -3.37602757e-02 -7.90089111e+01]
 [ 4.35439907e-02  9.73920584e-01  2.22671375e-01 -1.34343277e+02]
 [ 2.46554669e-02 -2.23862469e-01  9.74308789e-01 -1.18989662e+02]
 [ 0.00000000e+00  0.00000000e+00  0.00000000e+00  1.00000000e+00]]
2024-10-18 21:06:36,923 - INFO - Cleaned data: shape=(176, 256, 256, 184), min=-11.941486358642578, max=11.691728591918945, mean=1.575157737966116e-12
2024-10-18 21:06:37,038 - INFO - Memory usage after after loading and cleaning run: 68202.86 MB
2024-10-18 21:06:37,500 - INFO - Loading run 3 from /lab_data/behrmannlab/vlad/hemispace/sub-057/ses-01/derivatives/fsl/loc/run-03/1stLevel.feat/filtered_func_data_reg.nii.gz
2024-10-18 21:06:37,947 - INFO - Functional image: shape=(176, 256, 256, 184), affine=
[[ 9.98748958e-01 -3.69351618e-02 -3.37602757e-02 -7.90089111e+01]
 [ 4.35439907e-02  9.73920584e-01  2.22671375e-01 -1.34343277e+02]
 [ 2.46554669e-02 -2.23862469e-01  9.74308789e-01 -1.18989662e+02]
 [ 0.00000000e+00  0.00000000e+00  0.00000000e+00  1.00000000e+00]]
2024-10-18 21:07:21,734 - INFO - Generated mask: shape=(176, 256, 256), affine=
[[ 9.98748958e-01 -3.69351618e-02 -3.37602757e-02 -7.90089111e+01]
 [ 4.35439907e-02  9.73920584e-01  2.22671375e-01 -1.34343277e+02]
 [ 2.46554669e-02 -2.23862469e-01  9.74308789e-01 -1.18989662e+02]
 [ 0.00000000e+00  0.00000000e+00  0.00000000e+00  1.00000000e+00]]
2024-10-18 21:08:33,090 - INFO - Cleaned data: shape=(176, 256, 256, 184), min=-10.66965103149414, max=10.375877380371094, mean=3.3768643143607876e-14
2024-10-18 21:08:33,140 - INFO - Memory usage after after loading and cleaning run: 68202.86 MB
2024-10-18 21:09:08,002 - INFO - Concatenated data shape: (176, 256, 256, 368)
2024-10-18 21:09:08,963 - INFO - Memory usage after after concatenating runs: 84394.86 MB
2024-10-18 21:14:14,205 - INFO - Creating Searchlight object for LO left...
2024-10-18 21:14:15,025 - INFO - Searchlight object created.
2024-10-18 21:14:15,026 - INFO - Distributing data...
2024-10-18 21:15:46,413 - INFO - Data distribution completed.
2024-10-18 21:15:46,414 - INFO - Broadcasting LO time series and psychological covariate...
2024-10-18 21:15:46,414 - INFO - Broadcasting completed.
2024-10-18 21:15:46,414 - INFO - Starting searchlight analysis...
2024-10-19 02:00:32,147 - INFO - Searchlight analysis completed.
2024-10-19 02:00:32,149 - INFO - Memory usage after after searchlight: 85251.55 MB
2024-10-19 02:00:34,210 - INFO - Saved searchlight result to /lab_data/behrmannlab/vlad/ptoc/sub-057/ses-01//derivatives/gca/searchlight_result_object_runs23_LO_left.nii.gz
2024-10-19 02:00:36,550 - INFO - Processing LO right for run combination [1, 2] for subject sub-057
2024-10-19 02:00:36,551 - INFO - Loading run 1 from /lab_data/behrmannlab/vlad/hemispace/sub-057/ses-01/derivatives/fsl/loc/run-01/1stLevel.feat/filtered_func_data_reg.nii.gz
2024-10-19 02:00:36,693 - INFO - Functional image: shape=(176, 256, 256, 184), affine=
[[ 9.98748958e-01 -3.69351618e-02 -3.37602757e-02 -7.90089111e+01]
 [ 4.35439907e-02  9.73920584e-01  2.22671375e-01 -1.34343277e+02]
 [ 2.46554669e-02 -2.23862469e-01  9.74308789e-01 -1.18989662e+02]
 [ 0.00000000e+00  0.00000000e+00  0.00000000e+00  1.00000000e+00]]
2024-10-19 02:01:19,241 - INFO - Generated mask: shape=(176, 256, 256), affine=
[[ 9.98748958e-01 -3.69351618e-02 -3.37602757e-02 -7.90089111e+01]
 [ 4.35439907e-02  9.73920584e-01  2.22671375e-01 -1.34343277e+02]
 [ 2.46554669e-02 -2.23862469e-01  9.74308789e-01 -1.18989662e+02]
 [ 0.00000000e+00  0.00000000e+00  0.00000000e+00  1.00000000e+00]]
2024-10-19 02:02:13,611 - INFO - Cleaned data: shape=(176, 256, 256, 184), min=-11.830739974975586, max=12.323391914367676, mean=-1.3267190539456684e-12
2024-10-19 02:02:13,661 - INFO - Memory usage after after loading and cleaning run: 68211.56 MB
2024-10-19 02:02:14,218 - INFO - Loading run 2 from /lab_data/behrmannlab/vlad/hemispace/sub-057/ses-01/derivatives/fsl/loc/run-02/1stLevel.feat/filtered_func_data_reg.nii.gz
2024-10-19 02:02:14,271 - INFO - Functional image: shape=(176, 256, 256, 184), affine=
[[ 9.98748958e-01 -3.69351618e-02 -3.37602757e-02 -7.90089111e+01]
 [ 4.35439907e-02  9.73920584e-01  2.22671375e-01 -1.34343277e+02]
 [ 2.46554669e-02 -2.23862469e-01  9.74308789e-01 -1.18989662e+02]
 [ 0.00000000e+00  0.00000000e+00  0.00000000e+00  1.00000000e+00]]
2024-10-19 02:02:56,598 - INFO - Generated mask: shape=(176, 256, 256), affine=
[[ 9.98748958e-01 -3.69351618e-02 -3.37602757e-02 -7.90089111e+01]
 [ 4.35439907e-02  9.73920584e-01  2.22671375e-01 -1.34343277e+02]
 [ 2.46554669e-02 -2.23862469e-01  9.74308789e-01 -1.18989662e+02]
 [ 0.00000000e+00  0.00000000e+00  0.00000000e+00  1.00000000e+00]]
2024-10-19 02:03:51,571 - INFO - Cleaned data: shape=(176, 256, 256, 184), min=-11.941486358642578, max=11.691728591918945, mean=1.575157737966116e-12
2024-10-19 02:03:51,621 - INFO - Memory usage after after loading and cleaning run: 68211.56 MB
2024-10-19 02:04:27,768 - INFO - Concatenated data shape: (176, 256, 256, 368)
2024-10-19 02:04:28,754 - INFO - Memory usage after after concatenating runs: 84403.56 MB
2024-10-19 02:09:35,597 - INFO - Creating Searchlight object for LO right...
2024-10-19 02:09:35,609 - INFO - Searchlight object created.
2024-10-19 02:09:35,610 - INFO - Distributing data...
2024-10-19 02:11:02,008 - INFO - Data distribution completed.
2024-10-19 02:11:02,009 - INFO - Broadcasting LO time series and psychological covariate...
2024-10-19 02:11:02,009 - INFO - Broadcasting completed.
2024-10-19 02:11:02,009 - INFO - Starting searchlight analysis...
2024-10-19 06:57:28,522 - INFO - Searchlight analysis completed.
2024-10-19 06:57:28,524 - INFO - Memory usage after after searchlight: 85185.16 MB
2024-10-19 06:57:31,124 - INFO - Saved searchlight result to /lab_data/behrmannlab/vlad/ptoc/sub-057/ses-01//derivatives/gca/searchlight_result_object_runs12_LO_right.nii.gz
2024-10-19 06:57:33,551 - INFO - Processing LO right for run combination [1, 3] for subject sub-057
2024-10-19 06:57:33,552 - INFO - Loading run 1 from /lab_data/behrmannlab/vlad/hemispace/sub-057/ses-01/derivatives/fsl/loc/run-01/1stLevel.feat/filtered_func_data_reg.nii.gz
2024-10-19 06:57:33,963 - INFO - Functional image: shape=(176, 256, 256, 184), affine=
[[ 9.98748958e-01 -3.69351618e-02 -3.37602757e-02 -7.90089111e+01]
 [ 4.35439907e-02  9.73920584e-01  2.22671375e-01 -1.34343277e+02]
 [ 2.46554669e-02 -2.23862469e-01  9.74308789e-01 -1.18989662e+02]
 [ 0.00000000e+00  0.00000000e+00  0.00000000e+00  1.00000000e+00]]
2024-10-19 06:58:17,709 - INFO - Generated mask: shape=(176, 256, 256), affine=
[[ 9.98748958e-01 -3.69351618e-02 -3.37602757e-02 -7.90089111e+01]
 [ 4.35439907e-02  9.73920584e-01  2.22671375e-01 -1.34343277e+02]
 [ 2.46554669e-02 -2.23862469e-01  9.74308789e-01 -1.18989662e+02]
 [ 0.00000000e+00  0.00000000e+00  0.00000000e+00  1.00000000e+00]]
2024-10-19 06:59:20,599 - INFO - Cleaned data: shape=(176, 256, 256, 184), min=-11.830739974975586, max=12.323391914367676, mean=-1.3267190539456684e-12
2024-10-19 06:59:20,650 - INFO - Memory usage after after loading and cleaning run: 68142.35 MB
2024-10-19 06:59:21,373 - INFO - Loading run 3 from /lab_data/behrmannlab/vlad/hemispace/sub-057/ses-01/derivatives/fsl/loc/run-03/1stLevel.feat/filtered_func_data_reg.nii.gz
2024-10-19 06:59:21,588 - INFO - Functional image: shape=(176, 256, 256, 184), affine=
[[ 9.98748958e-01 -3.69351618e-02 -3.37602757e-02 -7.90089111e+01]
 [ 4.35439907e-02  9.73920584e-01  2.22671375e-01 -1.34343277e+02]
 [ 2.46554669e-02 -2.23862469e-01  9.74308789e-01 -1.18989662e+02]
 [ 0.00000000e+00  0.00000000e+00  0.00000000e+00  1.00000000e+00]]
2024-10-19 07:00:05,137 - INFO - Generated mask: shape=(176, 256, 256), affine=
[[ 9.98748958e-01 -3.69351618e-02 -3.37602757e-02 -7.90089111e+01]
 [ 4.35439907e-02  9.73920584e-01  2.22671375e-01 -1.34343277e+02]
 [ 2.46554669e-02 -2.23862469e-01  9.74308789e-01 -1.18989662e+02]
 [ 0.00000000e+00  0.00000000e+00  0.00000000e+00  1.00000000e+00]]
2024-10-19 07:01:10,701 - INFO - Cleaned data: shape=(176, 256, 256, 184), min=-10.66965103149414, max=10.375877380371094, mean=3.3768643143607876e-14
2024-10-19 07:01:10,751 - INFO - Memory usage after after loading and cleaning run: 68142.35 MB
2024-10-19 07:01:46,176 - INFO - Concatenated data shape: (176, 256, 256, 368)
2024-10-19 07:01:47,209 - INFO - Memory usage after after concatenating runs: 84334.35 MB
2024-10-19 07:07:07,877 - INFO - Creating Searchlight object for LO right...
2024-10-19 07:07:08,657 - INFO - Searchlight object created.
2024-10-19 07:07:08,657 - INFO - Distributing data...
2024-10-19 07:08:39,446 - INFO - Data distribution completed.
2024-10-19 07:08:39,447 - INFO - Broadcasting LO time series and psychological covariate...
2024-10-19 07:08:39,447 - INFO - Broadcasting completed.
2024-10-19 07:08:39,448 - INFO - Starting searchlight analysis...
2024-10-19 11:53:30,697 - INFO - Searchlight analysis completed.
2024-10-19 11:53:30,702 - INFO - Memory usage after after searchlight: 85260.11 MB
2024-10-19 11:53:33,519 - INFO - Saved searchlight result to /lab_data/behrmannlab/vlad/ptoc/sub-057/ses-01//derivatives/gca/searchlight_result_object_runs13_LO_right.nii.gz
2024-10-19 11:53:35,717 - INFO - Processing LO right for run combination [2, 3] for subject sub-057
2024-10-19 11:53:35,719 - INFO - Loading run 2 from /lab_data/behrmannlab/vlad/hemispace/sub-057/ses-01/derivatives/fsl/loc/run-02/1stLevel.feat/filtered_func_data_reg.nii.gz
2024-10-19 11:53:36,466 - INFO - Functional image: shape=(176, 256, 256, 184), affine=
[[ 9.98748958e-01 -3.69351618e-02 -3.37602757e-02 -7.90089111e+01]
 [ 4.35439907e-02  9.73920584e-01  2.22671375e-01 -1.34343277e+02]
 [ 2.46554669e-02 -2.23862469e-01  9.74308789e-01 -1.18989662e+02]
 [ 0.00000000e+00  0.00000000e+00  0.00000000e+00  1.00000000e+00]]
2024-10-19 11:54:18,505 - INFO - Generated mask: shape=(176, 256, 256), affine=
[[ 9.98748958e-01 -3.69351618e-02 -3.37602757e-02 -7.90089111e+01]
 [ 4.35439907e-02  9.73920584e-01  2.22671375e-01 -1.34343277e+02]
 [ 2.46554669e-02 -2.23862469e-01  9.74308789e-01 -1.18989662e+02]
 [ 0.00000000e+00  0.00000000e+00  0.00000000e+00  1.00000000e+00]]
2024-10-19 11:55:09,483 - INFO - Cleaned data: shape=(176, 256, 256, 184), min=-11.941486358642578, max=11.691728591918945, mean=1.575157737966116e-12
2024-10-19 11:55:09,539 - INFO - Memory usage after after loading and cleaning run: 68219.87 MB
2024-10-19 11:55:10,468 - INFO - Loading run 3 from /lab_data/behrmannlab/vlad/hemispace/sub-057/ses-01/derivatives/fsl/loc/run-03/1stLevel.feat/filtered_func_data_reg.nii.gz
2024-10-19 11:55:10,684 - INFO - Functional image: shape=(176, 256, 256, 184), affine=
[[ 9.98748958e-01 -3.69351618e-02 -3.37602757e-02 -7.90089111e+01]
 [ 4.35439907e-02  9.73920584e-01  2.22671375e-01 -1.34343277e+02]
 [ 2.46554669e-02 -2.23862469e-01  9.74308789e-01 -1.18989662e+02]
 [ 0.00000000e+00  0.00000000e+00  0.00000000e+00  1.00000000e+00]]
2024-10-19 11:55:52,620 - INFO - Generated mask: shape=(176, 256, 256), affine=
[[ 9.98748958e-01 -3.69351618e-02 -3.37602757e-02 -7.90089111e+01]
 [ 4.35439907e-02  9.73920584e-01  2.22671375e-01 -1.34343277e+02]
 [ 2.46554669e-02 -2.23862469e-01  9.74308789e-01 -1.18989662e+02]
 [ 0.00000000e+00  0.00000000e+00  0.00000000e+00  1.00000000e+00]]
2024-10-19 11:56:48,217 - INFO - Cleaned data: shape=(176, 256, 256, 184), min=-10.66965103149414, max=10.375877380371094, mean=3.3768643143607876e-14
2024-10-19 11:56:48,273 - INFO - Memory usage after after loading and cleaning run: 68219.87 MB
2024-10-19 11:57:25,291 - INFO - Concatenated data shape: (176, 256, 256, 368)
2024-10-19 11:57:26,100 - INFO - Memory usage after after concatenating runs: 84411.87 MB
2024-10-19 12:02:35,390 - INFO - Creating Searchlight object for LO right...
2024-10-19 12:02:35,416 - INFO - Searchlight object created.
2024-10-19 12:02:35,416 - INFO - Distributing data...
2024-10-19 12:04:02,651 - INFO - Data distribution completed.
2024-10-19 12:04:02,653 - INFO - Broadcasting LO time series and psychological covariate...
2024-10-19 12:04:02,653 - INFO - Broadcasting completed.
2024-10-19 12:04:02,654 - INFO - Starting searchlight analysis...
2024-10-19 16:51:50,354 - INFO - Searchlight analysis completed.
2024-10-19 16:51:50,355 - INFO - Memory usage after after searchlight: 85260.36 MB
2024-10-19 16:51:53,042 - INFO - Saved searchlight result to /lab_data/behrmannlab/vlad/ptoc/sub-057/ses-01//derivatives/gca/searchlight_result_object_runs23_LO_right.nii.gz
2024-10-19 16:51:55,626 - INFO - Completed searchlight analysis with GCA for all subjects
Processing subject: sub-057
