Traceback (most recent call last):
  File "<string>", line 2, in <module>
ModuleNotFoundError: No module named 'brainiak.utils.fmriroi'
/home/csimmon2/anaconda3/envs/brainiak_env/lib/python3.7/site-packages/nilearn/__init__.py:67: FutureWarning: Python 3.7 support is deprecated and will be removed in release 0.12 of Nilearn. Consider switching to Python 3.9 or 3.10.
  _python_deprecation_warnings()
2025-01-08 21:36:58,802 - INFO - Running searchlight analysis with GCA for nontool localizer...
2025-01-08 21:36:58,853 - INFO - Memory usage after start of ROI/hemi iteration: 142.30 MB
2025-01-08 21:36:58,888 - INFO - Memory usage after start of run combination: 142.30 MB
2025-01-08 21:36:58,888 - INFO - Processing pIPS left for run combination [1, 2] for subject sub-spaceloc2013
2025-01-08 21:36:59,112 - INFO - Functional image: shape=(208, 240, 256, 341), affine=
[[ 9.99755800e-01  2.12743282e-02  6.17846474e-03 -1.06594749e+02]
 [-2.02990565e-02  9.91421103e-01 -1.29120693e-01 -7.44665527e+01]
 [-8.87242611e-03  1.28963575e-01  9.91609633e-01 -1.54609146e+02]
 [ 0.00000000e+00  0.00000000e+00  0.00000000e+00  1.00000000e+00]]
2025-01-08 21:38:17,960 - INFO - Generated mask: shape=(208, 240, 256), affine=
[[ 9.99755800e-01  2.12743282e-02  6.17846474e-03 -1.06594749e+02]
 [-2.02990565e-02  9.91421103e-01 -1.29120693e-01 -7.44665527e+01]
 [-8.87242611e-03  1.28963575e-01  9.91609633e-01 -1.54609146e+02]
 [ 0.00000000e+00  0.00000000e+00  0.00000000e+00  1.00000000e+00]]
2025-01-08 21:40:08,167 - INFO - Cleaned data: shape=(208, 240, 256, 341), min=-12.668149948120117, max=14.110260963439941, mean=2.9963538793536875e-12
2025-01-08 21:40:08,284 - INFO - Memory usage after after loading and cleaning run: 33461.99 MB
2025-01-08 21:40:08,284 - INFO - Memory usage after after loading analysis run: 33461.99 MB
2025-01-08 21:43:42,558 - INFO - Memory usage after after ROI extraction: 33465.48 MB
2025-01-08 21:43:42,559 - INFO - Creating Searchlight object for pIPS left...
2025-01-08 21:43:42,561 - INFO - Searchlight object created.
2025-01-08 21:43:42,561 - INFO - Distributing data...
2025-01-08 21:44:47,714 - INFO - Memory usage after after data distribution: 35396.02 MB
2025-01-08 21:44:47,714 - INFO - Broadcasting pIPS time series and psychological covariate...
2025-01-08 21:44:47,714 - INFO - Broadcasting completed.
2025-01-08 21:44:47,714 - INFO - Starting searchlight analysis...
2025-01-09 01:27:49,818 - INFO - Searchlight analysis completed.
2025-01-09 01:27:49,819 - INFO - Memory usage after after searchlight: 36322.07 MB
2025-01-09 01:27:51,715 - INFO - Saved searchlight result to /lab_data/behrmannlab/vlad/ptoc/sub-spaceloc2013/ses-01//derivatives/gca/searchlight_result_nontool_runs12_pIPS_left_1217.nii.gz
2025-01-09 01:27:52,640 - INFO - Memory usage after after cleanup: 20362.20 MB
2025-01-09 01:27:52,671 - INFO - Memory usage after start of run combination: 20362.20 MB
2025-01-09 01:27:52,671 - INFO - Processing pIPS left for run combination [2, 1] for subject sub-spaceloc2013
2025-01-09 01:27:52,899 - INFO - Functional image: shape=(208, 240, 256, 341), affine=
[[ 9.99755800e-01  2.12743282e-02  6.17846474e-03 -1.06594749e+02]
 [-2.02990565e-02  9.91421103e-01 -1.29120693e-01 -7.44665527e+01]
 [-8.87242611e-03  1.28963575e-01  9.91609633e-01 -1.54609146e+02]
 [ 0.00000000e+00  0.00000000e+00  0.00000000e+00  1.00000000e+00]]
2025-01-09 01:29:08,955 - INFO - Generated mask: shape=(208, 240, 256), affine=
[[ 9.99755800e-01  2.12743282e-02  6.17846474e-03 -1.06594749e+02]
 [-2.02990565e-02  9.91421103e-01 -1.29120693e-01 -7.44665527e+01]
 [-8.87242611e-03  1.28963575e-01  9.91609633e-01 -1.54609146e+02]
 [ 0.00000000e+00  0.00000000e+00  0.00000000e+00  1.00000000e+00]]
2025-01-09 01:31:00,698 - INFO - Cleaned data: shape=(208, 240, 256, 341), min=-12.779406547546387, max=14.106938362121582, mean=2.9205969532852986e-12
2025-01-09 01:31:00,759 - INFO - Memory usage after after loading and cleaning run: 53611.47 MB
2025-01-09 01:31:00,759 - INFO - Memory usage after after loading analysis run: 53611.47 MB
2025-01-09 01:34:52,235 - INFO - Memory usage after after ROI extraction: 53611.72 MB
2025-01-09 01:34:52,235 - INFO - Creating Searchlight object for pIPS left...
2025-01-09 01:34:52,237 - INFO - Searchlight object created.
2025-01-09 01:34:52,237 - INFO - Distributing data...
2025-01-09 01:35:56,920 - INFO - Memory usage after after data distribution: 35503.00 MB
2025-01-09 01:35:56,920 - INFO - Broadcasting pIPS time series and psychological covariate...
2025-01-09 01:35:56,921 - INFO - Broadcasting completed.
2025-01-09 01:35:56,921 - INFO - Starting searchlight analysis...
2025-01-09 06:02:35,134 - INFO - Searchlight analysis completed.
2025-01-09 06:02:35,135 - INFO - Memory usage after after searchlight: 36428.12 MB
2025-01-09 06:02:36,960 - INFO - Saved searchlight result to /lab_data/behrmannlab/vlad/ptoc/sub-spaceloc2013/ses-01//derivatives/gca/searchlight_result_nontool_runs21_pIPS_left_1217.nii.gz
2025-01-09 06:02:37,642 - INFO - Memory usage after after cleanup: 20340.76 MB
2025-01-09 06:02:37,673 - INFO - Memory usage after start of ROI/hemi iteration: 20340.76 MB
2025-01-09 06:02:37,701 - INFO - Memory usage after start of run combination: 20340.76 MB
2025-01-09 06:02:37,701 - INFO - Processing pIPS right for run combination [1, 2] for subject sub-spaceloc2013
2025-01-09 06:02:40,878 - INFO - Functional image: shape=(208, 240, 256, 341), affine=
[[ 9.99755800e-01  2.12743282e-02  6.17846474e-03 -1.06594749e+02]
 [-2.02990565e-02  9.91421103e-01 -1.29120693e-01 -7.44665527e+01]
 [-8.87242611e-03  1.28963575e-01  9.91609633e-01 -1.54609146e+02]
 [ 0.00000000e+00  0.00000000e+00  0.00000000e+00  1.00000000e+00]]
2025-01-09 06:03:55,809 - INFO - Generated mask: shape=(208, 240, 256), affine=
[[ 9.99755800e-01  2.12743282e-02  6.17846474e-03 -1.06594749e+02]
 [-2.02990565e-02  9.91421103e-01 -1.29120693e-01 -7.44665527e+01]
 [-8.87242611e-03  1.28963575e-01  9.91609633e-01 -1.54609146e+02]
 [ 0.00000000e+00  0.00000000e+00  0.00000000e+00  1.00000000e+00]]
2025-01-09 06:05:48,055 - INFO - Cleaned data: shape=(208, 240, 256, 341), min=-12.668149948120117, max=14.110260963439941, mean=2.9963538793536875e-12
2025-01-09 06:05:48,129 - INFO - Memory usage after after loading and cleaning run: 53588.26 MB
2025-01-09 06:05:48,129 - INFO - Memory usage after after loading analysis run: 53588.26 MB
2025-01-09 06:09:53,022 - INFO - Memory usage after after ROI extraction: 53588.26 MB
2025-01-09 06:09:53,023 - INFO - Creating Searchlight object for pIPS right...
2025-01-09 06:09:53,025 - INFO - Searchlight object created.
2025-01-09 06:09:53,025 - INFO - Distributing data...
2025-01-09 06:10:57,356 - INFO - Memory usage after after data distribution: 35410.22 MB
2025-01-09 06:10:57,357 - INFO - Broadcasting pIPS time series and psychological covariate...
2025-01-09 06:10:57,357 - INFO - Broadcasting completed.
2025-01-09 06:10:57,357 - INFO - Starting searchlight analysis...
2025-01-09 10:38:37,961 - INFO - Searchlight analysis completed.
2025-01-09 10:38:37,962 - INFO - Memory usage after after searchlight: 36335.61 MB
2025-01-09 10:38:39,788 - INFO - Saved searchlight result to /lab_data/behrmannlab/vlad/ptoc/sub-spaceloc2013/ses-01//derivatives/gca/searchlight_result_nontool_runs12_pIPS_right_1217.nii.gz
2025-01-09 10:38:40,475 - INFO - Memory usage after after cleanup: 20376.70 MB
2025-01-09 10:38:40,507 - INFO - Memory usage after start of run combination: 20376.70 MB
2025-01-09 10:38:40,507 - INFO - Processing pIPS right for run combination [2, 1] for subject sub-spaceloc2013
2025-01-09 10:38:40,635 - INFO - Functional image: shape=(208, 240, 256, 341), affine=
[[ 9.99755800e-01  2.12743282e-02  6.17846474e-03 -1.06594749e+02]
 [-2.02990565e-02  9.91421103e-01 -1.29120693e-01 -7.44665527e+01]
 [-8.87242611e-03  1.28963575e-01  9.91609633e-01 -1.54609146e+02]
 [ 0.00000000e+00  0.00000000e+00  0.00000000e+00  1.00000000e+00]]
2025-01-09 10:39:55,572 - INFO - Generated mask: shape=(208, 240, 256), affine=
[[ 9.99755800e-01  2.12743282e-02  6.17846474e-03 -1.06594749e+02]
 [-2.02990565e-02  9.91421103e-01 -1.29120693e-01 -7.44665527e+01]
 [-8.87242611e-03  1.28963575e-01  9.91609633e-01 -1.54609146e+02]
 [ 0.00000000e+00  0.00000000e+00  0.00000000e+00  1.00000000e+00]]
2025-01-09 10:41:47,734 - INFO - Cleaned data: shape=(208, 240, 256, 341), min=-12.779406547546387, max=14.106938362121582, mean=2.9205969532852986e-12
2025-01-09 10:41:47,795 - INFO - Memory usage after after loading and cleaning run: 53624.21 MB
2025-01-09 10:41:47,795 - INFO - Memory usage after after loading analysis run: 53624.21 MB
2025-01-09 10:45:44,982 - INFO - Memory usage after after ROI extraction: 53624.46 MB
2025-01-09 10:45:44,982 - INFO - Creating Searchlight object for pIPS right...
2025-01-09 10:45:44,984 - INFO - Searchlight object created.
2025-01-09 10:45:44,984 - INFO - Distributing data...
2025-01-09 10:46:50,643 - INFO - Memory usage after after data distribution: 35517.68 MB
2025-01-09 10:46:50,643 - INFO - Broadcasting pIPS time series and psychological covariate...
2025-01-09 10:46:50,643 - INFO - Broadcasting completed.
2025-01-09 10:46:50,643 - INFO - Starting searchlight analysis...
2025-01-09 15:13:49,787 - INFO - Searchlight analysis completed.
2025-01-09 15:13:49,788 - INFO - Memory usage after after searchlight: 36442.65 MB
2025-01-09 15:13:51,944 - INFO - Saved searchlight result to /lab_data/behrmannlab/vlad/ptoc/sub-spaceloc2013/ses-01//derivatives/gca/searchlight_result_nontool_runs21_pIPS_right_1217.nii.gz
2025-01-09 15:13:52,613 - INFO - Memory usage after after cleanup: 20355.54 MB
2025-01-09 15:13:52,644 - INFO - Memory usage after start of ROI/hemi iteration: 20355.54 MB
2025-01-09 15:13:52,672 - INFO - Memory usage after start of run combination: 20355.54 MB
2025-01-09 15:13:52,672 - INFO - Processing LO left for run combination [1, 2] for subject sub-spaceloc2013
2025-01-09 15:13:52,875 - INFO - Functional image: shape=(208, 240, 256, 341), affine=
[[ 9.99755800e-01  2.12743282e-02  6.17846474e-03 -1.06594749e+02]
 [-2.02990565e-02  9.91421103e-01 -1.29120693e-01 -7.44665527e+01]
 [-8.87242611e-03  1.28963575e-01  9.91609633e-01 -1.54609146e+02]
 [ 0.00000000e+00  0.00000000e+00  0.00000000e+00  1.00000000e+00]]
2025-01-09 15:15:07,986 - INFO - Generated mask: shape=(208, 240, 256), affine=
[[ 9.99755800e-01  2.12743282e-02  6.17846474e-03 -1.06594749e+02]
 [-2.02990565e-02  9.91421103e-01 -1.29120693e-01 -7.44665527e+01]
 [-8.87242611e-03  1.28963575e-01  9.91609633e-01 -1.54609146e+02]
 [ 0.00000000e+00  0.00000000e+00  0.00000000e+00  1.00000000e+00]]
2025-01-09 15:17:00,234 - INFO - Cleaned data: shape=(208, 240, 256, 341), min=-12.668149948120117, max=14.110260963439941, mean=2.9963538793536875e-12
2025-01-09 15:17:00,295 - INFO - Memory usage after after loading and cleaning run: 53602.54 MB
2025-01-09 15:17:00,295 - INFO - Memory usage after after loading analysis run: 53602.54 MB
2025-01-09 15:20:56,445 - INFO - Memory usage after after ROI extraction: 53602.79 MB
2025-01-09 15:20:56,446 - INFO - Creating Searchlight object for LO left...
2025-01-09 15:20:56,448 - INFO - Searchlight object created.
2025-01-09 15:20:56,448 - INFO - Distributing data...
2025-01-09 15:22:01,746 - INFO - Memory usage after after data distribution: 35417.74 MB
2025-01-09 15:22:01,747 - INFO - Broadcasting LO time series and psychological covariate...
2025-01-09 15:22:01,747 - INFO - Broadcasting completed.
2025-01-09 15:22:01,747 - INFO - Starting searchlight analysis...
