Traceback (most recent call last):
  File "<string>", line 2, in <module>
ModuleNotFoundError: No module named 'brainiak.utils.fmriroi'
/home/csimmon2/anaconda3/envs/brainiak_env/lib/python3.7/site-packages/nilearn/__init__.py:67: FutureWarning: Python 3.7 support is deprecated and will be removed in release 0.12 of Nilearn. Consider switching to Python 3.9 or 3.10.
  _python_deprecation_warnings()
2024-10-18 01:26:32,284 - INFO - Running searchlight analysis with GCA for Object...
2024-10-18 01:26:33,210 - INFO - Processing pIPS left for run combination [1, 2] for subject sub-057
2024-10-18 01:26:33,392 - INFO - Output file /lab_data/behrmannlab/vlad/ptoc/sub-057/ses-01//derivatives/gca/searchlight_result_object_runs12_pIPS_left.nii.gz already exists. Skipping this run.
2024-10-18 01:26:33,392 - INFO - Processing pIPS left for run combination [1, 3] for subject sub-057
2024-10-18 01:26:33,408 - INFO - Output file /lab_data/behrmannlab/vlad/ptoc/sub-057/ses-01//derivatives/gca/searchlight_result_object_runs13_pIPS_left.nii.gz already exists. Skipping this run.
2024-10-18 01:26:33,408 - INFO - Processing pIPS left for run combination [2, 3] for subject sub-057
2024-10-18 01:26:33,412 - INFO - Output file /lab_data/behrmannlab/vlad/ptoc/sub-057/ses-01//derivatives/gca/searchlight_result_object_runs23_pIPS_left.nii.gz already exists. Skipping this run.
2024-10-18 01:26:33,412 - INFO - Processing pIPS right for run combination [1, 2] for subject sub-057
2024-10-18 01:26:33,417 - INFO - Output file /lab_data/behrmannlab/vlad/ptoc/sub-057/ses-01//derivatives/gca/searchlight_result_object_runs12_pIPS_right.nii.gz already exists. Skipping this run.
2024-10-18 01:26:33,418 - INFO - Processing pIPS right for run combination [1, 3] for subject sub-057
2024-10-18 01:26:33,418 - INFO - Loading run 1 from /lab_data/behrmannlab/vlad/hemispace/sub-057/ses-01/derivatives/fsl/loc/run-01/1stLevel.feat/filtered_func_data_reg.nii.gz
2024-10-18 01:26:33,946 - INFO - Functional image: shape=(176, 256, 256, 184), affine=
[[ 9.98748958e-01 -3.69351618e-02 -3.37602757e-02 -7.90089111e+01]
 [ 4.35439907e-02  9.73920584e-01  2.22671375e-01 -1.34343277e+02]
 [ 2.46554669e-02 -2.23862469e-01  9.74308789e-01 -1.18989662e+02]
 [ 0.00000000e+00  0.00000000e+00  0.00000000e+00  1.00000000e+00]]
2024-10-18 01:27:16,663 - INFO - Generated mask: shape=(176, 256, 256), affine=
[[ 9.98748958e-01 -3.69351618e-02 -3.37602757e-02 -7.90089111e+01]
 [ 4.35439907e-02  9.73920584e-01  2.22671375e-01 -1.34343277e+02]
 [ 2.46554669e-02 -2.23862469e-01  9.74308789e-01 -1.18989662e+02]
 [ 0.00000000e+00  0.00000000e+00  0.00000000e+00  1.00000000e+00]]
2024-10-18 01:28:06,911 - INFO - Cleaned data: shape=(176, 256, 256, 184), min=-11.830739974975586, max=12.323391914367676, mean=-1.3267190539456684e-12
2024-10-18 01:28:06,981 - INFO - Memory usage after after loading and cleaning run: 16396.48 MB
2024-10-18 01:28:06,981 - INFO - Loading run 3 from /lab_data/behrmannlab/vlad/hemispace/sub-057/ses-01/derivatives/fsl/loc/run-03/1stLevel.feat/filtered_func_data_reg.nii.gz
2024-10-18 01:28:07,547 - INFO - Functional image: shape=(176, 256, 256, 184), affine=
[[ 9.98748958e-01 -3.69351618e-02 -3.37602757e-02 -7.90089111e+01]
 [ 4.35439907e-02  9.73920584e-01  2.22671375e-01 -1.34343277e+02]
 [ 2.46554669e-02 -2.23862469e-01  9.74308789e-01 -1.18989662e+02]
 [ 0.00000000e+00  0.00000000e+00  0.00000000e+00  1.00000000e+00]]
2024-10-18 01:28:49,373 - INFO - Generated mask: shape=(176, 256, 256), affine=
[[ 9.98748958e-01 -3.69351618e-02 -3.37602757e-02 -7.90089111e+01]
 [ 4.35439907e-02  9.73920584e-01  2.22671375e-01 -1.34343277e+02]
 [ 2.46554669e-02 -2.23862469e-01  9.74308789e-01 -1.18989662e+02]
 [ 0.00000000e+00  0.00000000e+00  0.00000000e+00  1.00000000e+00]]
2024-10-18 01:29:39,554 - INFO - Cleaned data: shape=(176, 256, 256, 184), min=-10.66965103149414, max=10.375877380371094, mean=3.3768643143607876e-14
2024-10-18 01:29:39,641 - INFO - Memory usage after after loading and cleaning run: 32602.76 MB
2024-10-18 01:30:00,360 - INFO - Concatenated data shape: (176, 256, 256, 368)
2024-10-18 01:30:00,453 - INFO - Memory usage after after concatenating runs: 48794.76 MB
2024-10-18 01:34:15,763 - INFO - Creating Searchlight object for pIPS right...
2024-10-18 01:34:15,765 - INFO - Searchlight object created.
2024-10-18 01:34:15,766 - INFO - Distributing data...
2024-10-18 01:35:58,691 - INFO - Data distribution completed.
2024-10-18 01:35:58,692 - INFO - Broadcasting pIPS time series and psychological covariate...
2024-10-18 01:35:58,692 - INFO - Broadcasting completed.
2024-10-18 01:35:58,692 - INFO - Starting searchlight analysis...
2024-10-18 06:17:27,154 - INFO - Searchlight analysis completed.
2024-10-18 06:17:27,155 - INFO - Memory usage after after searchlight: 85179.84 MB
2024-10-18 06:17:29,322 - INFO - Saved searchlight result to /lab_data/behrmannlab/vlad/ptoc/sub-057/ses-01//derivatives/gca/searchlight_result_object_runs13_pIPS_right.nii.gz
2024-10-18 06:17:30,893 - INFO - Processing pIPS right for run combination [2, 3] for subject sub-057
2024-10-18 06:17:30,894 - INFO - Loading run 2 from /lab_data/behrmannlab/vlad/hemispace/sub-057/ses-01/derivatives/fsl/loc/run-02/1stLevel.feat/filtered_func_data_reg.nii.gz
2024-10-18 06:17:31,284 - INFO - Functional image: shape=(176, 256, 256, 184), affine=
[[ 9.98748958e-01 -3.69351618e-02 -3.37602757e-02 -7.90089111e+01]
 [ 4.35439907e-02  9.73920584e-01  2.22671375e-01 -1.34343277e+02]
 [ 2.46554669e-02 -2.23862469e-01  9.74308789e-01 -1.18989662e+02]
 [ 0.00000000e+00  0.00000000e+00  0.00000000e+00  1.00000000e+00]]
2024-10-18 06:18:15,241 - INFO - Generated mask: shape=(176, 256, 256), affine=
[[ 9.98748958e-01 -3.69351618e-02 -3.37602757e-02 -7.90089111e+01]
 [ 4.35439907e-02  9.73920584e-01  2.22671375e-01 -1.34343277e+02]
 [ 2.46554669e-02 -2.23862469e-01  9.74308789e-01 -1.18989662e+02]
 [ 0.00000000e+00  0.00000000e+00  0.00000000e+00  1.00000000e+00]]
2024-10-18 06:19:09,180 - INFO - Cleaned data: shape=(176, 256, 256, 184), min=-11.941486358642578, max=11.691728591918945, mean=1.575157737966116e-12
2024-10-18 06:19:09,230 - INFO - Memory usage after after loading and cleaning run: 68140.15 MB
2024-10-18 06:19:09,272 - INFO - Loading run 3 from /lab_data/behrmannlab/vlad/hemispace/sub-057/ses-01/derivatives/fsl/loc/run-03/1stLevel.feat/filtered_func_data_reg.nii.gz
2024-10-18 06:19:09,424 - INFO - Functional image: shape=(176, 256, 256, 184), affine=
[[ 9.98748958e-01 -3.69351618e-02 -3.37602757e-02 -7.90089111e+01]
 [ 4.35439907e-02  9.73920584e-01  2.22671375e-01 -1.34343277e+02]
 [ 2.46554669e-02 -2.23862469e-01  9.74308789e-01 -1.18989662e+02]
 [ 0.00000000e+00  0.00000000e+00  0.00000000e+00  1.00000000e+00]]
2024-10-18 06:19:49,791 - INFO - Generated mask: shape=(176, 256, 256), affine=
[[ 9.98748958e-01 -3.69351618e-02 -3.37602757e-02 -7.90089111e+01]
 [ 4.35439907e-02  9.73920584e-01  2.22671375e-01 -1.34343277e+02]
 [ 2.46554669e-02 -2.23862469e-01  9.74308789e-01 -1.18989662e+02]
 [ 0.00000000e+00  0.00000000e+00  0.00000000e+00  1.00000000e+00]]
2024-10-18 06:20:38,972 - INFO - Cleaned data: shape=(176, 256, 256, 184), min=-10.66965103149414, max=10.375877380371094, mean=3.3768643143607876e-14
2024-10-18 06:20:39,038 - INFO - Memory usage after after loading and cleaning run: 68052.15 MB
2024-10-18 06:21:09,728 - INFO - Concatenated data shape: (176, 256, 256, 368)
2024-10-18 06:21:10,379 - INFO - Memory usage after after concatenating runs: 84244.15 MB
2024-10-18 06:26:58,528 - INFO - Creating Searchlight object for pIPS right...
2024-10-18 06:26:59,626 - INFO - Searchlight object created.
2024-10-18 06:26:59,626 - INFO - Distributing data...
2024-10-18 06:28:42,557 - INFO - Data distribution completed.
2024-10-18 06:28:42,557 - INFO - Broadcasting pIPS time series and psychological covariate...
2024-10-18 06:28:42,558 - INFO - Broadcasting completed.
2024-10-18 06:28:42,558 - INFO - Starting searchlight analysis...
