Traceback (most recent call last):
  File "<string>", line 2, in <module>
ModuleNotFoundError: No module named 'brainiak.utils.fmriroi'
/home/csimmon2/anaconda3/envs/brainiak_env/lib/python3.7/site-packages/nilearn/__init__.py:67: FutureWarning: Python 3.7 support is deprecated and will be removed in release 0.12 of Nilearn. Consider switching to Python 3.9 or 3.10.
  _python_deprecation_warnings()
2024-10-19 00:07:45,252 - INFO - Running searchlight analysis with GCA for Object...
2024-10-19 00:07:45,370 - INFO - Processing pIPS left for run combination [1, 2] for subject sub-067
2024-10-19 00:07:45,371 - INFO - Loading run 1 from /lab_data/behrmannlab/vlad/hemispace/sub-067/ses-01/derivatives/fsl/loc/run-01/1stLevel.feat/filtered_func_data_reg.nii.gz
2024-10-19 00:07:45,666 - INFO - Functional image: shape=(176, 256, 256, 184), affine=
[[ 9.99565065e-01  2.06858441e-02 -2.07659751e-02 -8.69608688e+01]
 [-1.66345555e-02  9.83677030e-01  1.79172575e-01 -1.38691101e+02]
 [ 2.41332203e-02 -1.78750157e-01  9.83598471e-01 -1.30320038e+02]
 [ 0.00000000e+00  0.00000000e+00  0.00000000e+00  1.00000000e+00]]
2024-10-19 00:08:18,394 - INFO - Generated mask: shape=(176, 256, 256), affine=
[[ 9.99565065e-01  2.06858441e-02 -2.07659751e-02 -8.69608688e+01]
 [-1.66345555e-02  9.83677030e-01  1.79172575e-01 -1.38691101e+02]
 [ 2.41332203e-02 -1.78750157e-01  9.83598471e-01 -1.30320038e+02]
 [ 0.00000000e+00  0.00000000e+00  0.00000000e+00  1.00000000e+00]]
2024-10-19 00:09:05,894 - INFO - Cleaned data: shape=(176, 256, 256, 184), min=-10.359602928161621, max=10.194645881652832, mean=-7.620672216072894e-13
2024-10-19 00:09:05,957 - INFO - Memory usage after after loading and cleaning run: 16400.43 MB
2024-10-19 00:09:05,957 - INFO - Loading run 2 from /lab_data/behrmannlab/vlad/hemispace/sub-067/ses-01/derivatives/fsl/loc/run-02/1stLevel.feat/filtered_func_data_reg.nii.gz
2024-10-19 00:09:06,188 - INFO - Functional image: shape=(176, 256, 256, 184), affine=
[[ 9.99565065e-01  2.06858441e-02 -2.07659751e-02 -8.69608688e+01]
 [-1.66345555e-02  9.83677030e-01  1.79172575e-01 -1.38691101e+02]
 [ 2.41332203e-02 -1.78750157e-01  9.83598471e-01 -1.30320038e+02]
 [ 0.00000000e+00  0.00000000e+00  0.00000000e+00  1.00000000e+00]]
2024-10-19 00:09:38,018 - INFO - Generated mask: shape=(176, 256, 256), affine=
[[ 9.99565065e-01  2.06858441e-02 -2.07659751e-02 -8.69608688e+01]
 [-1.66345555e-02  9.83677030e-01  1.79172575e-01 -1.38691101e+02]
 [ 2.41332203e-02 -1.78750157e-01  9.83598471e-01 -1.30320038e+02]
 [ 0.00000000e+00  0.00000000e+00  0.00000000e+00  1.00000000e+00]]
2024-10-19 00:10:25,548 - INFO - Cleaned data: shape=(176, 256, 256, 184), min=-10.462020874023438, max=11.68598461151123, mean=-1.093395229840611e-12
2024-10-19 00:10:25,612 - INFO - Memory usage after after loading and cleaning run: 32606.81 MB
2024-10-19 00:10:42,445 - INFO - Concatenated data shape: (176, 256, 256, 368)
2024-10-19 00:10:42,515 - INFO - Memory usage after after concatenating runs: 48799.95 MB
2024-10-19 00:14:21,944 - INFO - Creating Searchlight object for pIPS left...
2024-10-19 00:14:21,946 - INFO - Searchlight object created.
2024-10-19 00:14:21,947 - INFO - Distributing data...
2024-10-19 00:15:48,437 - INFO - Data distribution completed.
2024-10-19 00:15:48,438 - INFO - Broadcasting pIPS time series and psychological covariate...
2024-10-19 00:15:48,438 - INFO - Broadcasting completed.
2024-10-19 00:15:48,438 - INFO - Starting searchlight analysis...
2024-10-19 04:04:10,699 - INFO - Searchlight analysis completed.
2024-10-19 04:04:10,700 - INFO - Memory usage after after searchlight: 84457.20 MB
2024-10-19 04:04:12,807 - INFO - Saved searchlight result to /lab_data/behrmannlab/vlad/ptoc/sub-067/ses-01//derivatives/gca/searchlight_result_object_runs12_pIPS_left.nii.gz
2024-10-19 04:04:13,931 - INFO - Processing pIPS left for run combination [1, 3] for subject sub-067
2024-10-19 04:04:14,096 - INFO - Loading run 1 from /lab_data/behrmannlab/vlad/hemispace/sub-067/ses-01/derivatives/fsl/loc/run-01/1stLevel.feat/filtered_func_data_reg.nii.gz
2024-10-19 04:04:14,534 - INFO - Functional image: shape=(176, 256, 256, 184), affine=
[[ 9.99565065e-01  2.06858441e-02 -2.07659751e-02 -8.69608688e+01]
 [-1.66345555e-02  9.83677030e-01  1.79172575e-01 -1.38691101e+02]
 [ 2.41332203e-02 -1.78750157e-01  9.83598471e-01 -1.30320038e+02]
 [ 0.00000000e+00  0.00000000e+00  0.00000000e+00  1.00000000e+00]]
2024-10-19 04:04:55,580 - INFO - Generated mask: shape=(176, 256, 256), affine=
[[ 9.99565065e-01  2.06858441e-02 -2.07659751e-02 -8.69608688e+01]
 [-1.66345555e-02  9.83677030e-01  1.79172575e-01 -1.38691101e+02]
 [ 2.41332203e-02 -1.78750157e-01  9.83598471e-01 -1.30320038e+02]
 [ 0.00000000e+00  0.00000000e+00  0.00000000e+00  1.00000000e+00]]
2024-10-19 04:05:46,147 - INFO - Cleaned data: shape=(176, 256, 256, 184), min=-10.359602928161621, max=10.194645881652832, mean=-7.620672216072894e-13
2024-10-19 04:05:46,202 - INFO - Memory usage after after loading and cleaning run: 67415.39 MB
2024-10-19 04:05:46,247 - INFO - Loading run 3 from /lab_data/behrmannlab/vlad/hemispace/sub-067/ses-01/derivatives/fsl/loc/run-03/1stLevel.feat/filtered_func_data_reg.nii.gz
2024-10-19 04:05:46,776 - INFO - Functional image: shape=(176, 256, 256, 184), affine=
[[ 9.99565065e-01  2.06858441e-02 -2.07659751e-02 -8.69608688e+01]
 [-1.66345555e-02  9.83677030e-01  1.79172575e-01 -1.38691101e+02]
 [ 2.41332203e-02 -1.78750157e-01  9.83598471e-01 -1.30320038e+02]
 [ 0.00000000e+00  0.00000000e+00  0.00000000e+00  1.00000000e+00]]
2024-10-19 04:06:19,170 - INFO - Generated mask: shape=(176, 256, 256), affine=
[[ 9.99565065e-01  2.06858441e-02 -2.07659751e-02 -8.69608688e+01]
 [-1.66345555e-02  9.83677030e-01  1.79172575e-01 -1.38691101e+02]
 [ 2.41332203e-02 -1.78750157e-01  9.83598471e-01 -1.30320038e+02]
 [ 0.00000000e+00  0.00000000e+00  0.00000000e+00  1.00000000e+00]]
2024-10-19 04:07:10,099 - INFO - Cleaned data: shape=(176, 256, 256, 184), min=-12.488493919372559, max=12.251384735107422, mean=5.633347941067758e-13
2024-10-19 04:07:10,144 - INFO - Memory usage after after loading and cleaning run: 67327.39 MB
2024-10-19 04:07:33,783 - INFO - Concatenated data shape: (176, 256, 256, 368)
2024-10-19 04:07:33,866 - INFO - Memory usage after after concatenating runs: 83519.39 MB
2024-10-19 04:12:55,995 - INFO - Creating Searchlight object for pIPS left...
2024-10-19 04:12:56,747 - INFO - Searchlight object created.
2024-10-19 04:12:56,748 - INFO - Distributing data...
2024-10-19 04:14:27,153 - INFO - Data distribution completed.
2024-10-19 04:14:27,153 - INFO - Broadcasting pIPS time series and psychological covariate...
2024-10-19 04:14:27,153 - INFO - Broadcasting completed.
2024-10-19 04:14:27,153 - INFO - Starting searchlight analysis...
2024-10-19 08:06:54,088 - INFO - Searchlight analysis completed.
2024-10-19 08:06:54,091 - INFO - Memory usage after after searchlight: 84322.87 MB
2024-10-19 08:06:56,101 - INFO - Saved searchlight result to /lab_data/behrmannlab/vlad/ptoc/sub-067/ses-01//derivatives/gca/searchlight_result_object_runs13_pIPS_left.nii.gz
2024-10-19 08:06:57,821 - INFO - Processing pIPS left for run combination [2, 3] for subject sub-067
2024-10-19 08:06:57,824 - INFO - Loading run 2 from /lab_data/behrmannlab/vlad/hemispace/sub-067/ses-01/derivatives/fsl/loc/run-02/1stLevel.feat/filtered_func_data_reg.nii.gz
2024-10-19 08:06:58,228 - INFO - Functional image: shape=(176, 256, 256, 184), affine=
[[ 9.99565065e-01  2.06858441e-02 -2.07659751e-02 -8.69608688e+01]
 [-1.66345555e-02  9.83677030e-01  1.79172575e-01 -1.38691101e+02]
 [ 2.41332203e-02 -1.78750157e-01  9.83598471e-01 -1.30320038e+02]
 [ 0.00000000e+00  0.00000000e+00  0.00000000e+00  1.00000000e+00]]
2024-10-19 08:07:34,186 - INFO - Generated mask: shape=(176, 256, 256), affine=
[[ 9.99565065e-01  2.06858441e-02 -2.07659751e-02 -8.69608688e+01]
 [-1.66345555e-02  9.83677030e-01  1.79172575e-01 -1.38691101e+02]
 [ 2.41332203e-02 -1.78750157e-01  9.83598471e-01 -1.30320038e+02]
 [ 0.00000000e+00  0.00000000e+00  0.00000000e+00  1.00000000e+00]]
2024-10-19 08:08:29,770 - INFO - Cleaned data: shape=(176, 256, 256, 184), min=-10.462020874023438, max=11.68598461151123, mean=-1.093395229840611e-12
2024-10-19 08:08:29,816 - INFO - Memory usage after after loading and cleaning run: 67346.57 MB
2024-10-19 08:08:29,852 - INFO - Loading run 3 from /lab_data/behrmannlab/vlad/hemispace/sub-067/ses-01/derivatives/fsl/loc/run-03/1stLevel.feat/filtered_func_data_reg.nii.gz
2024-10-19 08:08:30,182 - INFO - Functional image: shape=(176, 256, 256, 184), affine=
[[ 9.99565065e-01  2.06858441e-02 -2.07659751e-02 -8.69608688e+01]
 [-1.66345555e-02  9.83677030e-01  1.79172575e-01 -1.38691101e+02]
 [ 2.41332203e-02 -1.78750157e-01  9.83598471e-01 -1.30320038e+02]
 [ 0.00000000e+00  0.00000000e+00  0.00000000e+00  1.00000000e+00]]
2024-10-19 08:09:03,703 - INFO - Generated mask: shape=(176, 256, 256), affine=
[[ 9.99565065e-01  2.06858441e-02 -2.07659751e-02 -8.69608688e+01]
 [-1.66345555e-02  9.83677030e-01  1.79172575e-01 -1.38691101e+02]
 [ 2.41332203e-02 -1.78750157e-01  9.83598471e-01 -1.30320038e+02]
 [ 0.00000000e+00  0.00000000e+00  0.00000000e+00  1.00000000e+00]]
2024-10-19 08:09:59,266 - INFO - Cleaned data: shape=(176, 256, 256, 184), min=-12.488493919372559, max=12.251384735107422, mean=5.633347941067758e-13
2024-10-19 08:09:59,311 - INFO - Memory usage after after loading and cleaning run: 67422.09 MB
2024-10-19 08:10:22,687 - INFO - Concatenated data shape: (176, 256, 256, 368)
2024-10-19 08:10:22,758 - INFO - Memory usage after after concatenating runs: 83614.09 MB
2024-10-19 08:15:00,140 - INFO - Creating Searchlight object for pIPS left...
2024-10-19 08:15:01,632 - INFO - Searchlight object created.
2024-10-19 08:15:01,632 - INFO - Distributing data...
2024-10-19 08:16:34,721 - INFO - Data distribution completed.
2024-10-19 08:16:34,738 - INFO - Broadcasting pIPS time series and psychological covariate...
2024-10-19 08:16:34,738 - INFO - Broadcasting completed.
2024-10-19 08:16:34,738 - INFO - Starting searchlight analysis...
2024-10-19 12:07:26,016 - INFO - Searchlight analysis completed.
2024-10-19 12:07:26,019 - INFO - Memory usage after after searchlight: 84492.70 MB
2024-10-19 12:07:28,019 - INFO - Saved searchlight result to /lab_data/behrmannlab/vlad/ptoc/sub-067/ses-01//derivatives/gca/searchlight_result_object_runs23_pIPS_left.nii.gz
2024-10-19 12:07:29,522 - INFO - Processing pIPS right for run combination [1, 2] for subject sub-067
2024-10-19 12:07:29,527 - INFO - Loading run 1 from /lab_data/behrmannlab/vlad/hemispace/sub-067/ses-01/derivatives/fsl/loc/run-01/1stLevel.feat/filtered_func_data_reg.nii.gz
2024-10-19 12:07:30,158 - INFO - Functional image: shape=(176, 256, 256, 184), affine=
[[ 9.99565065e-01  2.06858441e-02 -2.07659751e-02 -8.69608688e+01]
 [-1.66345555e-02  9.83677030e-01  1.79172575e-01 -1.38691101e+02]
 [ 2.41332203e-02 -1.78750157e-01  9.83598471e-01 -1.30320038e+02]
 [ 0.00000000e+00  0.00000000e+00  0.00000000e+00  1.00000000e+00]]
2024-10-19 12:08:03,704 - INFO - Generated mask: shape=(176, 256, 256), affine=
[[ 9.99565065e-01  2.06858441e-02 -2.07659751e-02 -8.69608688e+01]
 [-1.66345555e-02  9.83677030e-01  1.79172575e-01 -1.38691101e+02]
 [ 2.41332203e-02 -1.78750157e-01  9.83598471e-01 -1.30320038e+02]
 [ 0.00000000e+00  0.00000000e+00  0.00000000e+00  1.00000000e+00]]
2024-10-19 12:08:58,564 - INFO - Cleaned data: shape=(176, 256, 256, 184), min=-10.359602928161621, max=10.194645881652832, mean=-7.620672216072894e-13
2024-10-19 12:08:58,619 - INFO - Memory usage after after loading and cleaning run: 67449.44 MB
2024-10-19 12:08:58,655 - INFO - Loading run 2 from /lab_data/behrmannlab/vlad/hemispace/sub-067/ses-01/derivatives/fsl/loc/run-02/1stLevel.feat/filtered_func_data_reg.nii.gz
2024-10-19 12:08:58,844 - INFO - Functional image: shape=(176, 256, 256, 184), affine=
[[ 9.99565065e-01  2.06858441e-02 -2.07659751e-02 -8.69608688e+01]
 [-1.66345555e-02  9.83677030e-01  1.79172575e-01 -1.38691101e+02]
 [ 2.41332203e-02 -1.78750157e-01  9.83598471e-01 -1.30320038e+02]
 [ 0.00000000e+00  0.00000000e+00  0.00000000e+00  1.00000000e+00]]
2024-10-19 12:09:31,839 - INFO - Generated mask: shape=(176, 256, 256), affine=
[[ 9.99565065e-01  2.06858441e-02 -2.07659751e-02 -8.69608688e+01]
 [-1.66345555e-02  9.83677030e-01  1.79172575e-01 -1.38691101e+02]
 [ 2.41332203e-02 -1.78750157e-01  9.83598471e-01 -1.30320038e+02]
 [ 0.00000000e+00  0.00000000e+00  0.00000000e+00  1.00000000e+00]]
2024-10-19 12:10:26,308 - INFO - Cleaned data: shape=(176, 256, 256, 184), min=-10.462020874023438, max=11.68598461151123, mean=-1.093395229840611e-12
2024-10-19 12:10:26,360 - INFO - Memory usage after after loading and cleaning run: 67449.44 MB
2024-10-19 12:10:50,070 - INFO - Concatenated data shape: (176, 256, 256, 368)
2024-10-19 12:10:50,143 - INFO - Memory usage after after concatenating runs: 83641.44 MB
2024-10-19 12:15:27,829 - INFO - Creating Searchlight object for pIPS right...
2024-10-19 12:15:27,863 - INFO - Searchlight object created.
2024-10-19 12:15:27,864 - INFO - Distributing data...
2024-10-19 12:16:56,282 - INFO - Data distribution completed.
2024-10-19 12:16:56,291 - INFO - Broadcasting pIPS time series and psychological covariate...
2024-10-19 12:16:56,291 - INFO - Broadcasting completed.
2024-10-19 12:16:56,291 - INFO - Starting searchlight analysis...
