Traceback (most recent call last):
  File "<string>", line 2, in <module>
ModuleNotFoundError: No module named 'brainiak.utils.fmriroi'
/home/csimmon2/anaconda3/envs/brainiak_env/lib/python3.7/site-packages/nilearn/__init__.py:67: FutureWarning: Python 3.7 support is deprecated and will be removed in release 0.12 of Nilearn. Consider switching to Python 3.9 or 3.10.
  _python_deprecation_warnings()
2024-12-15 14:42:24,045 - INFO - Running searchlight analysis with GCA for Tool localizer...
2024-12-15 14:42:24,496 - INFO - Memory usage after start of ROI/hemi iteration: 140.62 MB
2024-12-15 14:42:24,528 - INFO - Memory usage after start of run combination: 140.62 MB
2024-12-15 14:42:24,528 - INFO - Processing pIPS left for run combination [1, 2] for subject sub-spaceloc1010
2024-12-15 14:42:24,539 - INFO - Output file /lab_data/behrmannlab/vlad/ptoc/sub-spaceloc1010/ses-01//derivatives/gca/searchlight_result_tool_runs12_pIPS_left.nii.gz already exists. Skipping this run.
2024-12-15 14:42:24,574 - INFO - Memory usage after start of run combination: 140.62 MB
2024-12-15 14:42:24,574 - INFO - Processing pIPS left for run combination [2, 1] for subject sub-spaceloc1010
2024-12-15 14:42:24,575 - INFO - Output file /lab_data/behrmannlab/vlad/ptoc/sub-spaceloc1010/ses-01//derivatives/gca/searchlight_result_tool_runs21_pIPS_left.nii.gz already exists. Skipping this run.
2024-12-15 14:42:24,610 - INFO - Memory usage after start of ROI/hemi iteration: 140.62 MB
2024-12-15 14:42:24,639 - INFO - Memory usage after start of run combination: 140.62 MB
2024-12-15 14:42:24,639 - INFO - Processing pIPS right for run combination [1, 2] for subject sub-spaceloc1010
2024-12-15 14:42:24,640 - INFO - Output file /lab_data/behrmannlab/vlad/ptoc/sub-spaceloc1010/ses-01//derivatives/gca/searchlight_result_tool_runs12_pIPS_right.nii.gz already exists. Skipping this run.
2024-12-15 14:42:24,666 - INFO - Memory usage after start of run combination: 140.62 MB
2024-12-15 14:42:24,666 - INFO - Processing pIPS right for run combination [2, 1] for subject sub-spaceloc1010
2024-12-15 14:42:24,667 - INFO - Output file /lab_data/behrmannlab/vlad/ptoc/sub-spaceloc1010/ses-01//derivatives/gca/searchlight_result_tool_runs21_pIPS_right.nii.gz already exists. Skipping this run.
2024-12-15 14:42:24,691 - INFO - Memory usage after start of ROI/hemi iteration: 140.62 MB
2024-12-15 14:42:24,717 - INFO - Memory usage after start of run combination: 140.62 MB
2024-12-15 14:42:24,717 - INFO - Processing LO left for run combination [1, 2] for subject sub-spaceloc1010
2024-12-15 14:42:24,717 - INFO - Output file /lab_data/behrmannlab/vlad/ptoc/sub-spaceloc1010/ses-01//derivatives/gca/searchlight_result_tool_runs12_LO_left.nii.gz already exists. Skipping this run.
2024-12-15 14:42:24,745 - INFO - Memory usage after start of run combination: 140.62 MB
2024-12-15 14:42:24,745 - INFO - Processing LO left for run combination [2, 1] for subject sub-spaceloc1010
2024-12-15 14:42:25,554 - INFO - Functional image: shape=(208, 240, 256, 341), affine=
[[ 9.98817623e-01 -1.29146278e-02 -4.68586534e-02 -9.70467224e+01]
 [ 1.65977441e-02  9.96729910e-01  7.90833682e-02 -1.10643188e+02]
 [ 4.56840619e-02 -7.97676519e-02  9.95766103e-01 -1.21894188e+02]
 [ 0.00000000e+00  0.00000000e+00  0.00000000e+00  1.00000000e+00]]
2024-12-15 14:43:48,102 - INFO - Generated mask: shape=(208, 240, 256), affine=
[[ 9.98817623e-01 -1.29146278e-02 -4.68586534e-02 -9.70467224e+01]
 [ 1.65977441e-02  9.96729910e-01  7.90833682e-02 -1.10643188e+02]
 [ 4.56840619e-02 -7.97676519e-02  9.95766103e-01 -1.21894188e+02]
 [ 0.00000000e+00  0.00000000e+00  0.00000000e+00  1.00000000e+00]]
2024-12-15 14:46:47,762 - INFO - Cleaned data: shape=(208, 240, 256, 341), min=-12.507290840148926, max=13.702102661132812, mean=2.4314343288420023e-12
2024-12-15 14:46:49,408 - INFO - Memory usage after after loading and cleaning run: 33456.45 MB
2024-12-15 14:46:49,409 - INFO - Memory usage after after loading analysis run: 33456.45 MB
2024-12-15 14:51:04,847 - INFO - Memory usage after after ROI extraction: 33457.93 MB
2024-12-15 14:51:04,847 - INFO - Creating Searchlight object for LO left...
2024-12-15 14:51:04,849 - INFO - Searchlight object created.
2024-12-15 14:51:04,849 - INFO - Distributing data...
2024-12-15 14:52:34,774 - INFO - Memory usage after after data distribution: 35831.32 MB
2024-12-15 14:52:34,774 - INFO - Broadcasting LO time series and psychological covariate...
2024-12-15 14:52:34,774 - INFO - Broadcasting completed.
2024-12-15 14:52:34,774 - INFO - Starting searchlight analysis...
2024-12-15 18:58:21,589 - INFO - Searchlight analysis completed.
2024-12-15 18:58:21,590 - INFO - Memory usage after after searchlight: 36759.07 MB
2024-12-15 18:58:23,724 - INFO - Saved searchlight result to /lab_data/behrmannlab/vlad/ptoc/sub-spaceloc1010/ses-01//derivatives/gca/searchlight_result_tool_runs21_LO_left.nii.gz
2024-12-15 18:58:24,921 - INFO - Memory usage after after cleanup: 20540.70 MB
2024-12-15 18:58:24,944 - INFO - Memory usage after start of ROI/hemi iteration: 20540.70 MB
2024-12-15 18:58:24,963 - INFO - Memory usage after start of run combination: 20540.70 MB
2024-12-15 18:58:24,963 - INFO - Processing LO right for run combination [1, 2] for subject sub-spaceloc1010
2024-12-15 18:58:25,614 - INFO - Functional image: shape=(208, 240, 256, 341), affine=
[[ 9.98817623e-01 -1.29146278e-02 -4.68586534e-02 -9.70467224e+01]
 [ 1.65977441e-02  9.96729910e-01  7.90833682e-02 -1.10643188e+02]
 [ 4.56840619e-02 -7.97676519e-02  9.95766103e-01 -1.21894188e+02]
 [ 0.00000000e+00  0.00000000e+00  0.00000000e+00  1.00000000e+00]]
2024-12-15 19:00:01,176 - INFO - Generated mask: shape=(208, 240, 256), affine=
[[ 9.98817623e-01 -1.29146278e-02 -4.68586534e-02 -9.70467224e+01]
 [ 1.65977441e-02  9.96729910e-01  7.90833682e-02 -1.10643188e+02]
 [ 4.56840619e-02 -7.97676519e-02  9.95766103e-01 -1.21894188e+02]
 [ 0.00000000e+00  0.00000000e+00  0.00000000e+00  1.00000000e+00]]
2024-12-15 19:03:18,000 - INFO - Cleaned data: shape=(208, 240, 256, 341), min=-13.429178237915039, max=13.94739055633545, mean=8.300415029946197e-13
2024-12-15 19:03:18,458 - INFO - Memory usage after after loading and cleaning run: 53788.20 MB
2024-12-15 19:03:18,458 - INFO - Memory usage after after loading analysis run: 53788.20 MB
2024-12-15 19:07:40,167 - INFO - Memory usage after after ROI extraction: 53788.24 MB
2024-12-15 19:07:40,167 - INFO - Creating Searchlight object for LO right...
2024-12-15 19:07:40,169 - INFO - Searchlight object created.
2024-12-15 19:07:40,169 - INFO - Distributing data...
2024-12-15 19:08:56,898 - INFO - Memory usage after after data distribution: 36222.33 MB
2024-12-15 19:08:56,898 - INFO - Broadcasting LO time series and psychological covariate...
2024-12-15 19:08:56,898 - INFO - Broadcasting completed.
2024-12-15 19:08:56,898 - INFO - Starting searchlight analysis...
2024-12-15 23:13:25,695 - INFO - Searchlight analysis completed.
2024-12-15 23:13:25,696 - INFO - Memory usage after after searchlight: 37152.18 MB
2024-12-15 23:13:27,767 - INFO - Saved searchlight result to /lab_data/behrmannlab/vlad/ptoc/sub-spaceloc1010/ses-01//derivatives/gca/searchlight_result_tool_runs12_LO_right.nii.gz
2024-12-15 23:13:28,921 - INFO - Memory usage after after cleanup: 20588.41 MB
2024-12-15 23:13:28,946 - INFO - Memory usage after start of run combination: 20588.41 MB
2024-12-15 23:13:28,946 - INFO - Processing LO right for run combination [2, 1] for subject sub-spaceloc1010
2024-12-15 23:13:29,607 - INFO - Functional image: shape=(208, 240, 256, 341), affine=
[[ 9.98817623e-01 -1.29146278e-02 -4.68586534e-02 -9.70467224e+01]
 [ 1.65977441e-02  9.96729910e-01  7.90833682e-02 -1.10643188e+02]
 [ 4.56840619e-02 -7.97676519e-02  9.95766103e-01 -1.21894188e+02]
 [ 0.00000000e+00  0.00000000e+00  0.00000000e+00  1.00000000e+00]]
2024-12-15 23:15:02,238 - INFO - Generated mask: shape=(208, 240, 256), affine=
[[ 9.98817623e-01 -1.29146278e-02 -4.68586534e-02 -9.70467224e+01]
 [ 1.65977441e-02  9.96729910e-01  7.90833682e-02 -1.10643188e+02]
 [ 4.56840619e-02 -7.97676519e-02  9.95766103e-01 -1.21894188e+02]
 [ 0.00000000e+00  0.00000000e+00  0.00000000e+00  1.00000000e+00]]
2024-12-15 23:18:11,225 - INFO - Cleaned data: shape=(208, 240, 256, 341), min=-12.507290840148926, max=13.702102661132812, mean=2.4314343288420023e-12
2024-12-15 23:18:12,888 - INFO - Memory usage after after loading and cleaning run: 53835.91 MB
2024-12-15 23:18:12,888 - INFO - Memory usage after after loading analysis run: 53835.91 MB
2024-12-15 23:22:56,300 - INFO - Memory usage after after ROI extraction: 53835.91 MB
2024-12-15 23:22:56,300 - INFO - Creating Searchlight object for LO right...
2024-12-15 23:22:56,302 - INFO - Searchlight object created.
2024-12-15 23:22:56,302 - INFO - Distributing data...
2024-12-15 23:24:10,937 - INFO - Memory usage after after data distribution: 35836.90 MB
2024-12-15 23:24:10,938 - INFO - Broadcasting LO time series and psychological covariate...
2024-12-15 23:24:10,938 - INFO - Broadcasting completed.
2024-12-15 23:24:10,938 - INFO - Starting searchlight analysis...
2024-12-16 03:30:43,968 - INFO - Searchlight analysis completed.
2024-12-16 03:30:43,969 - INFO - Memory usage after after searchlight: 36763.88 MB
2024-12-16 03:30:46,494 - INFO - Saved searchlight result to /lab_data/behrmannlab/vlad/ptoc/sub-spaceloc1010/ses-01//derivatives/gca/searchlight_result_tool_runs21_LO_right.nii.gz
2024-12-16 03:30:47,687 - INFO - Memory usage after after cleanup: 20560.32 MB
2024-12-16 03:30:47,687 - INFO - Completed searchlight analysis with GCA for all subjects
Processing subject: sub-spaceloc1010
