Traceback (most recent call last):
  File "<string>", line 2, in <module>
ModuleNotFoundError: No module named 'brainiak.utils.fmriroi'
/home/csimmon2/anaconda3/envs/brainiak_env/lib/python3.7/site-packages/nilearn/__init__.py:67: FutureWarning: Python 3.7 support is deprecated and will be removed in release 0.12 of Nilearn. Consider switching to Python 3.9 or 3.10.
  _python_deprecation_warnings()
2024-10-21 14:39:54,806 - INFO - Running searchlight analysis with GCA for Object...
2024-10-21 14:40:02,629 - INFO - Processing pIPS left for run combination [1, 2] for subject sub-093
2024-10-21 14:40:03,011 - INFO - Loading run 1 from /lab_data/behrmannlab/vlad/hemispace/sub-093/ses-01/derivatives/fsl/loc/run-01/1stLevel.feat/filtered_func_data_reg.nii.gz
2024-10-21 14:40:10,436 - INFO - Functional image: shape=(176, 256, 256, 184), affine=
[[ 9.99023795e-01 -4.30920534e-02 -9.46749002e-03 -8.23895416e+01]
 [ 4.39980812e-02  9.88986790e-01  1.41312614e-01 -1.34235443e+02]
 [ 3.27376416e-03 -1.41591564e-01  9.89919722e-01 -1.22206581e+02]
 [ 0.00000000e+00  0.00000000e+00  0.00000000e+00  1.00000000e+00]]
2024-10-21 14:41:01,777 - INFO - Generated mask: shape=(176, 256, 256), affine=
[[ 9.99023795e-01 -4.30920534e-02 -9.46749002e-03 -8.23895416e+01]
 [ 4.39980812e-02  9.88986790e-01  1.41312614e-01 -1.34235443e+02]
 [ 3.27376416e-03 -1.41591564e-01  9.89919722e-01 -1.22206581e+02]
 [ 0.00000000e+00  0.00000000e+00  0.00000000e+00  1.00000000e+00]]
2024-10-21 14:42:24,580 - INFO - Cleaned data: shape=(176, 256, 256, 184), min=-12.294918060302734, max=12.284872055053711, mean=1.117101598319817e-12
2024-10-21 14:42:25,864 - INFO - Memory usage after after loading and cleaning run: 16388.73 MB
2024-10-21 14:42:25,864 - INFO - Loading run 2 from /lab_data/behrmannlab/vlad/hemispace/sub-093/ses-01/derivatives/fsl/loc/run-02/1stLevel.feat/filtered_func_data_reg.nii.gz
2024-10-21 14:42:31,107 - INFO - Functional image: shape=(176, 256, 256, 184), affine=
[[ 9.99023795e-01 -4.30920534e-02 -9.46749002e-03 -8.23895416e+01]
 [ 4.39980812e-02  9.88986790e-01  1.41312614e-01 -1.34235443e+02]
 [ 3.27376416e-03 -1.41591564e-01  9.89919722e-01 -1.22206581e+02]
 [ 0.00000000e+00  0.00000000e+00  0.00000000e+00  1.00000000e+00]]
2024-10-21 14:43:10,866 - INFO - Generated mask: shape=(176, 256, 256), affine=
[[ 9.99023795e-01 -4.30920534e-02 -9.46749002e-03 -8.23895416e+01]
 [ 4.39980812e-02  9.88986790e-01  1.41312614e-01 -1.34235443e+02]
 [ 3.27376416e-03 -1.41591564e-01  9.89919722e-01 -1.22206581e+02]
 [ 0.00000000e+00  0.00000000e+00  0.00000000e+00  1.00000000e+00]]
2024-10-21 14:44:34,605 - INFO - Cleaned data: shape=(176, 256, 256, 184), min=-12.978113174438477, max=12.255973815917969, mean=1.080511420585918e-12
2024-10-21 14:44:36,008 - INFO - Memory usage after after loading and cleaning run: 32593.60 MB
2024-10-21 14:45:11,007 - INFO - Concatenated data shape: (176, 256, 256, 368)
2024-10-21 14:45:12,495 - INFO - Memory usage after after concatenating runs: 48785.50 MB
2024-10-21 14:48:47,507 - INFO - Creating Searchlight object for pIPS left...
2024-10-21 14:48:47,803 - INFO - Searchlight object created.
2024-10-21 14:48:47,803 - INFO - Distributing data...
2024-10-21 14:49:58,338 - INFO - Data distribution completed.
2024-10-21 14:49:58,752 - INFO - Broadcasting pIPS time series and psychological covariate...
2024-10-21 14:49:58,753 - INFO - Broadcasting completed.
2024-10-21 14:49:58,753 - INFO - Starting searchlight analysis...
2024-10-21 18:46:17,305 - INFO - Searchlight analysis completed.
2024-10-21 18:46:17,747 - INFO - Memory usage after after searchlight: 83122.39 MB
2024-10-21 18:46:33,438 - INFO - Saved searchlight result to /lab_data/behrmannlab/vlad/ptoc/sub-093/ses-01//derivatives/gca/searchlight_result_object_runs12_pIPS_left.nii.gz
2024-10-21 18:46:39,264 - INFO - Processing pIPS left for run combination [1, 3] for subject sub-093
2024-10-21 18:46:39,975 - INFO - Loading run 1 from /lab_data/behrmannlab/vlad/hemispace/sub-093/ses-01/derivatives/fsl/loc/run-01/1stLevel.feat/filtered_func_data_reg.nii.gz
2024-10-21 18:46:49,408 - INFO - Functional image: shape=(176, 256, 256, 184), affine=
[[ 9.99023795e-01 -4.30920534e-02 -9.46749002e-03 -8.23895416e+01]
 [ 4.39980812e-02  9.88986790e-01  1.41312614e-01 -1.34235443e+02]
 [ 3.27376416e-03 -1.41591564e-01  9.89919722e-01 -1.22206581e+02]
 [ 0.00000000e+00  0.00000000e+00  0.00000000e+00  1.00000000e+00]]
2024-10-21 18:47:34,065 - INFO - Generated mask: shape=(176, 256, 256), affine=
[[ 9.99023795e-01 -4.30920534e-02 -9.46749002e-03 -8.23895416e+01]
 [ 4.39980812e-02  9.88986790e-01  1.41312614e-01 -1.34235443e+02]
 [ 3.27376416e-03 -1.41591564e-01  9.89919722e-01 -1.22206581e+02]
 [ 0.00000000e+00  0.00000000e+00  0.00000000e+00  1.00000000e+00]]
2024-10-21 18:48:57,798 - INFO - Cleaned data: shape=(176, 256, 256, 184), min=-12.294918060302734, max=12.284872055053711, mean=1.117101598319817e-12
2024-10-21 18:48:59,656 - INFO - Memory usage after after loading and cleaning run: 66078.57 MB
2024-10-21 18:49:01,254 - INFO - Loading run 3 from /lab_data/behrmannlab/vlad/hemispace/sub-093/ses-01/derivatives/fsl/loc/run-03/1stLevel.feat/filtered_func_data_reg.nii.gz
2024-10-21 18:49:06,384 - INFO - Functional image: shape=(176, 256, 256, 184), affine=
[[ 9.99023795e-01 -4.30920534e-02 -9.46749002e-03 -8.23895416e+01]
 [ 4.39980812e-02  9.88986790e-01  1.41312614e-01 -1.34235443e+02]
 [ 3.27376416e-03 -1.41591564e-01  9.89919722e-01 -1.22206581e+02]
 [ 0.00000000e+00  0.00000000e+00  0.00000000e+00  1.00000000e+00]]
2024-10-21 18:49:46,964 - INFO - Generated mask: shape=(176, 256, 256), affine=
[[ 9.99023795e-01 -4.30920534e-02 -9.46749002e-03 -8.23895416e+01]
 [ 4.39980812e-02  9.88986790e-01  1.41312614e-01 -1.34235443e+02]
 [ 3.27376416e-03 -1.41591564e-01  9.89919722e-01 -1.22206581e+02]
 [ 0.00000000e+00  0.00000000e+00  0.00000000e+00  1.00000000e+00]]
2024-10-21 18:51:04,382 - INFO - Cleaned data: shape=(176, 256, 256, 184), min=-12.571433067321777, max=12.099506378173828, mean=4.108786942720835e-13
2024-10-21 18:51:04,932 - INFO - Memory usage after after loading and cleaning run: 68011.28 MB
2024-10-21 18:51:36,587 - INFO - Concatenated data shape: (176, 256, 256, 368)
2024-10-21 18:51:37,732 - INFO - Memory usage after after concatenating runs: 84203.28 MB
2024-10-21 18:55:22,168 - INFO - Creating Searchlight object for pIPS left...
2024-10-21 18:55:24,398 - INFO - Searchlight object created.
2024-10-21 18:55:24,398 - INFO - Distributing data...
2024-10-21 18:56:29,108 - INFO - Data distribution completed.
2024-10-21 18:56:29,527 - INFO - Broadcasting pIPS time series and psychological covariate...
2024-10-21 18:56:29,527 - INFO - Broadcasting completed.
2024-10-21 18:56:29,528 - INFO - Starting searchlight analysis...
2024-10-21 22:52:01,415 - INFO - Searchlight analysis completed.
2024-10-21 22:52:01,945 - INFO - Memory usage after after searchlight: 83006.48 MB
2024-10-21 22:52:13,591 - INFO - Saved searchlight result to /lab_data/behrmannlab/vlad/ptoc/sub-093/ses-01//derivatives/gca/searchlight_result_object_runs13_pIPS_left.nii.gz
2024-10-21 22:52:17,955 - INFO - Processing pIPS left for run combination [2, 3] for subject sub-093
2024-10-21 22:52:18,579 - INFO - Loading run 2 from /lab_data/behrmannlab/vlad/hemispace/sub-093/ses-01/derivatives/fsl/loc/run-02/1stLevel.feat/filtered_func_data_reg.nii.gz
2024-10-21 22:52:27,421 - INFO - Functional image: shape=(176, 256, 256, 184), affine=
[[ 9.99023795e-01 -4.30920534e-02 -9.46749002e-03 -8.23895416e+01]
 [ 4.39980812e-02  9.88986790e-01  1.41312614e-01 -1.34235443e+02]
 [ 3.27376416e-03 -1.41591564e-01  9.89919722e-01 -1.22206581e+02]
 [ 0.00000000e+00  0.00000000e+00  0.00000000e+00  1.00000000e+00]]
2024-10-21 22:53:21,338 - INFO - Generated mask: shape=(176, 256, 256), affine=
[[ 9.99023795e-01 -4.30920534e-02 -9.46749002e-03 -8.23895416e+01]
 [ 4.39980812e-02  9.88986790e-01  1.41312614e-01 -1.34235443e+02]
 [ 3.27376416e-03 -1.41591564e-01  9.89919722e-01 -1.22206581e+02]
 [ 0.00000000e+00  0.00000000e+00  0.00000000e+00  1.00000000e+00]]
2024-10-21 22:54:39,731 - INFO - Cleaned data: shape=(176, 256, 256, 184), min=-12.978113174438477, max=12.255973815917969, mean=1.080511420585918e-12
2024-10-21 22:54:41,349 - INFO - Memory usage after after loading and cleaning run: 67536.35 MB
2024-10-21 22:54:42,991 - INFO - Loading run 3 from /lab_data/behrmannlab/vlad/hemispace/sub-093/ses-01/derivatives/fsl/loc/run-03/1stLevel.feat/filtered_func_data_reg.nii.gz
2024-10-21 22:54:49,794 - INFO - Functional image: shape=(176, 256, 256, 184), affine=
[[ 9.99023795e-01 -4.30920534e-02 -9.46749002e-03 -8.23895416e+01]
 [ 4.39980812e-02  9.88986790e-01  1.41312614e-01 -1.34235443e+02]
 [ 3.27376416e-03 -1.41591564e-01  9.89919722e-01 -1.22206581e+02]
 [ 0.00000000e+00  0.00000000e+00  0.00000000e+00  1.00000000e+00]]
2024-10-21 22:55:36,382 - INFO - Generated mask: shape=(176, 256, 256), affine=
[[ 9.99023795e-01 -4.30920534e-02 -9.46749002e-03 -8.23895416e+01]
 [ 4.39980812e-02  9.88986790e-01  1.41312614e-01 -1.34235443e+02]
 [ 3.27376416e-03 -1.41591564e-01  9.89919722e-01 -1.22206581e+02]
 [ 0.00000000e+00  0.00000000e+00  0.00000000e+00  1.00000000e+00]]
2024-10-21 22:56:52,781 - INFO - Cleaned data: shape=(176, 256, 256, 184), min=-12.571433067321777, max=12.099506378173828, mean=4.108786942720835e-13
2024-10-21 22:56:53,564 - INFO - Memory usage after after loading and cleaning run: 67980.62 MB
2024-10-21 22:57:22,368 - INFO - Concatenated data shape: (176, 256, 256, 368)
2024-10-21 22:57:23,838 - INFO - Memory usage after after concatenating runs: 84172.61 MB
2024-10-21 23:00:57,009 - INFO - Creating Searchlight object for pIPS left...
2024-10-21 23:00:57,507 - INFO - Searchlight object created.
2024-10-21 23:00:57,507 - INFO - Distributing data...
2024-10-21 23:01:57,824 - INFO - Data distribution completed.
2024-10-21 23:01:58,652 - INFO - Broadcasting pIPS time series and psychological covariate...
2024-10-21 23:01:58,652 - INFO - Broadcasting completed.
2024-10-21 23:01:58,652 - INFO - Starting searchlight analysis...
2024-10-22 02:59:58,725 - INFO - Searchlight analysis completed.
2024-10-22 02:59:59,067 - INFO - Memory usage after after searchlight: 84212.07 MB
2024-10-22 03:00:07,320 - INFO - Saved searchlight result to /lab_data/behrmannlab/vlad/ptoc/sub-093/ses-01//derivatives/gca/searchlight_result_object_runs23_pIPS_left.nii.gz
2024-10-22 03:00:11,324 - INFO - Processing pIPS right for run combination [1, 2] for subject sub-093
2024-10-22 03:00:11,951 - INFO - Loading run 1 from /lab_data/behrmannlab/vlad/hemispace/sub-093/ses-01/derivatives/fsl/loc/run-01/1stLevel.feat/filtered_func_data_reg.nii.gz
2024-10-22 03:00:18,047 - INFO - Functional image: shape=(176, 256, 256, 184), affine=
[[ 9.99023795e-01 -4.30920534e-02 -9.46749002e-03 -8.23895416e+01]
 [ 4.39980812e-02  9.88986790e-01  1.41312614e-01 -1.34235443e+02]
 [ 3.27376416e-03 -1.41591564e-01  9.89919722e-01 -1.22206581e+02]
 [ 0.00000000e+00  0.00000000e+00  0.00000000e+00  1.00000000e+00]]
2024-10-22 03:00:57,750 - INFO - Generated mask: shape=(176, 256, 256), affine=
[[ 9.99023795e-01 -4.30920534e-02 -9.46749002e-03 -8.23895416e+01]
 [ 4.39980812e-02  9.88986790e-01  1.41312614e-01 -1.34235443e+02]
 [ 3.27376416e-03 -1.41591564e-01  9.89919722e-01 -1.22206581e+02]
 [ 0.00000000e+00  0.00000000e+00  0.00000000e+00  1.00000000e+00]]
2024-10-22 03:02:16,342 - INFO - Cleaned data: shape=(176, 256, 256, 184), min=-12.294918060302734, max=12.284872055053711, mean=1.117101598319817e-12
2024-10-22 03:02:17,015 - INFO - Memory usage after after loading and cleaning run: 67170.88 MB
2024-10-22 03:02:18,722 - INFO - Loading run 2 from /lab_data/behrmannlab/vlad/hemispace/sub-093/ses-01/derivatives/fsl/loc/run-02/1stLevel.feat/filtered_func_data_reg.nii.gz
2024-10-22 03:02:23,047 - INFO - Functional image: shape=(176, 256, 256, 184), affine=
[[ 9.99023795e-01 -4.30920534e-02 -9.46749002e-03 -8.23895416e+01]
 [ 4.39980812e-02  9.88986790e-01  1.41312614e-01 -1.34235443e+02]
 [ 3.27376416e-03 -1.41591564e-01  9.89919722e-01 -1.22206581e+02]
 [ 0.00000000e+00  0.00000000e+00  0.00000000e+00  1.00000000e+00]]
2024-10-22 03:03:03,239 - INFO - Generated mask: shape=(176, 256, 256), affine=
[[ 9.99023795e-01 -4.30920534e-02 -9.46749002e-03 -8.23895416e+01]
 [ 4.39980812e-02  9.88986790e-01  1.41312614e-01 -1.34235443e+02]
 [ 3.27376416e-03 -1.41591564e-01  9.89919722e-01 -1.22206581e+02]
 [ 0.00000000e+00  0.00000000e+00  0.00000000e+00  1.00000000e+00]]
2024-10-22 03:04:20,407 - INFO - Cleaned data: shape=(176, 256, 256, 184), min=-12.978113174438477, max=12.255973815917969, mean=1.080511420585918e-12
2024-10-22 03:04:20,963 - INFO - Memory usage after after loading and cleaning run: 67184.84 MB
2024-10-22 03:04:56,507 - INFO - Concatenated data shape: (176, 256, 256, 368)
2024-10-22 03:04:58,174 - INFO - Memory usage after after concatenating runs: 83376.84 MB
2024-10-22 03:08:39,655 - INFO - Creating Searchlight object for pIPS right...
2024-10-22 03:08:39,943 - INFO - Searchlight object created.
2024-10-22 03:08:39,943 - INFO - Distributing data...
2024-10-22 03:09:48,970 - INFO - Data distribution completed.
2024-10-22 03:09:49,099 - INFO - Broadcasting pIPS time series and psychological covariate...
2024-10-22 03:09:49,099 - INFO - Broadcasting completed.
2024-10-22 03:09:49,099 - INFO - Starting searchlight analysis...
2024-10-22 07:06:54,436 - INFO - Searchlight analysis completed.
2024-10-22 07:06:54,820 - INFO - Memory usage after after searchlight: 84243.36 MB
2024-10-22 07:07:03,725 - INFO - Saved searchlight result to /lab_data/behrmannlab/vlad/ptoc/sub-093/ses-01//derivatives/gca/searchlight_result_object_runs12_pIPS_right.nii.gz
2024-10-22 07:07:09,493 - INFO - Processing pIPS right for run combination [1, 3] for subject sub-093
2024-10-22 07:07:09,943 - INFO - Loading run 1 from /lab_data/behrmannlab/vlad/hemispace/sub-093/ses-01/derivatives/fsl/loc/run-01/1stLevel.feat/filtered_func_data_reg.nii.gz
2024-10-22 07:07:14,637 - INFO - Functional image: shape=(176, 256, 256, 184), affine=
[[ 9.99023795e-01 -4.30920534e-02 -9.46749002e-03 -8.23895416e+01]
 [ 4.39980812e-02  9.88986790e-01  1.41312614e-01 -1.34235443e+02]
 [ 3.27376416e-03 -1.41591564e-01  9.89919722e-01 -1.22206581e+02]
 [ 0.00000000e+00  0.00000000e+00  0.00000000e+00  1.00000000e+00]]
2024-10-22 07:07:56,173 - INFO - Generated mask: shape=(176, 256, 256), affine=
[[ 9.99023795e-01 -4.30920534e-02 -9.46749002e-03 -8.23895416e+01]
 [ 4.39980812e-02  9.88986790e-01  1.41312614e-01 -1.34235443e+02]
 [ 3.27376416e-03 -1.41591564e-01  9.89919722e-01 -1.22206581e+02]
 [ 0.00000000e+00  0.00000000e+00  0.00000000e+00  1.00000000e+00]]
2024-10-22 07:09:16,807 - INFO - Cleaned data: shape=(176, 256, 256, 184), min=-12.294918060302734, max=12.284872055053711, mean=1.117101598319817e-12
2024-10-22 07:09:17,579 - INFO - Memory usage after after loading and cleaning run: 67881.34 MB
2024-10-22 07:09:19,215 - INFO - Loading run 3 from /lab_data/behrmannlab/vlad/hemispace/sub-093/ses-01/derivatives/fsl/loc/run-03/1stLevel.feat/filtered_func_data_reg.nii.gz
2024-10-22 07:09:25,228 - INFO - Functional image: shape=(176, 256, 256, 184), affine=
[[ 9.99023795e-01 -4.30920534e-02 -9.46749002e-03 -8.23895416e+01]
 [ 4.39980812e-02  9.88986790e-01  1.41312614e-01 -1.34235443e+02]
 [ 3.27376416e-03 -1.41591564e-01  9.89919722e-01 -1.22206581e+02]
 [ 0.00000000e+00  0.00000000e+00  0.00000000e+00  1.00000000e+00]]
2024-10-22 07:10:04,087 - INFO - Generated mask: shape=(176, 256, 256), affine=
[[ 9.99023795e-01 -4.30920534e-02 -9.46749002e-03 -8.23895416e+01]
 [ 4.39980812e-02  9.88986790e-01  1.41312614e-01 -1.34235443e+02]
 [ 3.27376416e-03 -1.41591564e-01  9.89919722e-01 -1.22206581e+02]
 [ 0.00000000e+00  0.00000000e+00  0.00000000e+00  1.00000000e+00]]
2024-10-22 07:11:23,060 - INFO - Cleaned data: shape=(176, 256, 256, 184), min=-12.571433067321777, max=12.099506378173828, mean=4.108786942720835e-13
2024-10-22 07:11:23,559 - INFO - Memory usage after after loading and cleaning run: 67922.29 MB
2024-10-22 07:11:53,506 - INFO - Concatenated data shape: (176, 256, 256, 368)
2024-10-22 07:11:54,761 - INFO - Memory usage after after concatenating runs: 84114.27 MB
2024-10-22 07:15:25,598 - INFO - Creating Searchlight object for pIPS right...
2024-10-22 07:15:25,812 - INFO - Searchlight object created.
2024-10-22 07:15:25,812 - INFO - Distributing data...
2024-10-22 07:16:26,164 - INFO - Data distribution completed.
2024-10-22 07:16:26,433 - INFO - Broadcasting pIPS time series and psychological covariate...
2024-10-22 07:16:26,434 - INFO - Broadcasting completed.
2024-10-22 07:16:26,434 - INFO - Starting searchlight analysis...
2024-10-22 11:12:49,401 - INFO - Searchlight analysis completed.
2024-10-22 11:12:49,704 - INFO - Memory usage after after searchlight: 83183.96 MB
2024-10-22 11:12:57,501 - INFO - Saved searchlight result to /lab_data/behrmannlab/vlad/ptoc/sub-093/ses-01//derivatives/gca/searchlight_result_object_runs13_pIPS_right.nii.gz
2024-10-22 11:13:01,375 - INFO - Processing pIPS right for run combination [2, 3] for subject sub-093
2024-10-22 11:13:01,642 - INFO - Loading run 2 from /lab_data/behrmannlab/vlad/hemispace/sub-093/ses-01/derivatives/fsl/loc/run-02/1stLevel.feat/filtered_func_data_reg.nii.gz
2024-10-22 11:13:07,117 - INFO - Functional image: shape=(176, 256, 256, 184), affine=
[[ 9.99023795e-01 -4.30920534e-02 -9.46749002e-03 -8.23895416e+01]
 [ 4.39980812e-02  9.88986790e-01  1.41312614e-01 -1.34235443e+02]
 [ 3.27376416e-03 -1.41591564e-01  9.89919722e-01 -1.22206581e+02]
 [ 0.00000000e+00  0.00000000e+00  0.00000000e+00  1.00000000e+00]]
2024-10-22 11:14:00,698 - INFO - Generated mask: shape=(176, 256, 256), affine=
[[ 9.99023795e-01 -4.30920534e-02 -9.46749002e-03 -8.23895416e+01]
 [ 4.39980812e-02  9.88986790e-01  1.41312614e-01 -1.34235443e+02]
 [ 3.27376416e-03 -1.41591564e-01  9.89919722e-01 -1.22206581e+02]
 [ 0.00000000e+00  0.00000000e+00  0.00000000e+00  1.00000000e+00]]
2024-10-22 11:15:18,171 - INFO - Cleaned data: shape=(176, 256, 256, 184), min=-12.978113174438477, max=12.255973815917969, mean=1.080511420585918e-12
2024-10-22 11:15:19,266 - INFO - Memory usage after after loading and cleaning run: 68070.21 MB
2024-10-22 11:15:20,986 - INFO - Loading run 3 from /lab_data/behrmannlab/vlad/hemispace/sub-093/ses-01/derivatives/fsl/loc/run-03/1stLevel.feat/filtered_func_data_reg.nii.gz
2024-10-22 11:15:25,886 - INFO - Functional image: shape=(176, 256, 256, 184), affine=
[[ 9.99023795e-01 -4.30920534e-02 -9.46749002e-03 -8.23895416e+01]
 [ 4.39980812e-02  9.88986790e-01  1.41312614e-01 -1.34235443e+02]
 [ 3.27376416e-03 -1.41591564e-01  9.89919722e-01 -1.22206581e+02]
 [ 0.00000000e+00  0.00000000e+00  0.00000000e+00  1.00000000e+00]]
2024-10-22 11:16:04,736 - INFO - Generated mask: shape=(176, 256, 256), affine=
[[ 9.99023795e-01 -4.30920534e-02 -9.46749002e-03 -8.23895416e+01]
 [ 4.39980812e-02  9.88986790e-01  1.41312614e-01 -1.34235443e+02]
 [ 3.27376416e-03 -1.41591564e-01  9.89919722e-01 -1.22206581e+02]
 [ 0.00000000e+00  0.00000000e+00  0.00000000e+00  1.00000000e+00]]
2024-10-22 11:17:23,736 - INFO - Cleaned data: shape=(176, 256, 256, 184), min=-12.571433067321777, max=12.099506378173828, mean=4.108786942720835e-13
2024-10-22 11:17:24,377 - INFO - Memory usage after after loading and cleaning run: 68070.23 MB
2024-10-22 11:17:59,357 - INFO - Concatenated data shape: (176, 256, 256, 368)
2024-10-22 11:18:00,956 - INFO - Memory usage after after concatenating runs: 84262.22 MB
2024-10-22 11:21:36,871 - INFO - Creating Searchlight object for pIPS right...
2024-10-22 11:21:38,676 - INFO - Searchlight object created.
2024-10-22 11:21:38,676 - INFO - Distributing data...
2024-10-22 11:22:42,422 - INFO - Data distribution completed.
2024-10-22 11:22:42,765 - INFO - Broadcasting pIPS time series and psychological covariate...
2024-10-22 11:22:42,766 - INFO - Broadcasting completed.
2024-10-22 11:22:42,766 - INFO - Starting searchlight analysis...
2024-10-22 15:17:42,874 - INFO - Searchlight analysis completed.
2024-10-22 15:17:43,026 - INFO - Memory usage after after searchlight: 83037.91 MB
2024-10-22 15:17:54,885 - INFO - Saved searchlight result to /lab_data/behrmannlab/vlad/ptoc/sub-093/ses-01//derivatives/gca/searchlight_result_object_runs23_pIPS_right.nii.gz
2024-10-22 15:17:59,133 - INFO - Processing LO left for run combination [1, 2] for subject sub-093
2024-10-22 15:17:59,589 - INFO - Loading run 1 from /lab_data/behrmannlab/vlad/hemispace/sub-093/ses-01/derivatives/fsl/loc/run-01/1stLevel.feat/filtered_func_data_reg.nii.gz
2024-10-22 15:18:05,440 - INFO - Functional image: shape=(176, 256, 256, 184), affine=
[[ 9.99023795e-01 -4.30920534e-02 -9.46749002e-03 -8.23895416e+01]
 [ 4.39980812e-02  9.88986790e-01  1.41312614e-01 -1.34235443e+02]
 [ 3.27376416e-03 -1.41591564e-01  9.89919722e-01 -1.22206581e+02]
 [ 0.00000000e+00  0.00000000e+00  0.00000000e+00  1.00000000e+00]]
2024-10-22 15:18:58,599 - INFO - Generated mask: shape=(176, 256, 256), affine=
[[ 9.99023795e-01 -4.30920534e-02 -9.46749002e-03 -8.23895416e+01]
 [ 4.39980812e-02  9.88986790e-01  1.41312614e-01 -1.34235443e+02]
 [ 3.27376416e-03 -1.41591564e-01  9.89919722e-01 -1.22206581e+02]
 [ 0.00000000e+00  0.00000000e+00  0.00000000e+00  1.00000000e+00]]
2024-10-22 15:20:16,649 - INFO - Cleaned data: shape=(176, 256, 256, 184), min=-12.294918060302734, max=12.284872055053711, mean=1.117101598319817e-12
2024-10-22 15:20:18,422 - INFO - Memory usage after after loading and cleaning run: 67985.45 MB
2024-10-22 15:20:20,132 - INFO - Loading run 2 from /lab_data/behrmannlab/vlad/hemispace/sub-093/ses-01/derivatives/fsl/loc/run-02/1stLevel.feat/filtered_func_data_reg.nii.gz
2024-10-22 15:20:28,154 - INFO - Functional image: shape=(176, 256, 256, 184), affine=
[[ 9.99023795e-01 -4.30920534e-02 -9.46749002e-03 -8.23895416e+01]
 [ 4.39980812e-02  9.88986790e-01  1.41312614e-01 -1.34235443e+02]
 [ 3.27376416e-03 -1.41591564e-01  9.89919722e-01 -1.22206581e+02]
 [ 0.00000000e+00  0.00000000e+00  0.00000000e+00  1.00000000e+00]]
2024-10-22 15:21:10,823 - INFO - Generated mask: shape=(176, 256, 256), affine=
[[ 9.99023795e-01 -4.30920534e-02 -9.46749002e-03 -8.23895416e+01]
 [ 4.39980812e-02  9.88986790e-01  1.41312614e-01 -1.34235443e+02]
 [ 3.27376416e-03 -1.41591564e-01  9.89919722e-01 -1.22206581e+02]
 [ 0.00000000e+00  0.00000000e+00  0.00000000e+00  1.00000000e+00]]
2024-10-22 15:22:26,099 - INFO - Cleaned data: shape=(176, 256, 256, 184), min=-12.978113174438477, max=12.255973815917969, mean=1.080511420585918e-12
2024-10-22 15:22:27,007 - INFO - Memory usage after after loading and cleaning run: 67985.45 MB
2024-10-22 15:22:56,005 - INFO - Concatenated data shape: (176, 256, 256, 368)
2024-10-22 15:22:57,766 - INFO - Memory usage after after concatenating runs: 84177.44 MB
2024-10-22 15:26:27,226 - INFO - Creating Searchlight object for LO left...
2024-10-22 15:26:29,347 - INFO - Searchlight object created.
2024-10-22 15:26:29,347 - INFO - Distributing data...
2024-10-22 15:27:30,464 - INFO - Data distribution completed.
2024-10-22 15:27:30,940 - INFO - Broadcasting LO time series and psychological covariate...
2024-10-22 15:27:30,940 - INFO - Broadcasting completed.
2024-10-22 15:27:30,941 - INFO - Starting searchlight analysis...
2024-10-22 19:23:48,326 - INFO - Searchlight analysis completed.
2024-10-22 19:23:48,459 - INFO - Memory usage after after searchlight: 83291.52 MB
2024-10-22 19:23:57,017 - INFO - Saved searchlight result to /lab_data/behrmannlab/vlad/ptoc/sub-093/ses-01//derivatives/gca/searchlight_result_object_runs12_LO_left.nii.gz
2024-10-22 19:24:01,362 - INFO - Processing LO left for run combination [1, 3] for subject sub-093
2024-10-22 19:24:01,832 - INFO - Loading run 1 from /lab_data/behrmannlab/vlad/hemispace/sub-093/ses-01/derivatives/fsl/loc/run-01/1stLevel.feat/filtered_func_data_reg.nii.gz
2024-10-22 19:24:08,171 - INFO - Functional image: shape=(176, 256, 256, 184), affine=
[[ 9.99023795e-01 -4.30920534e-02 -9.46749002e-03 -8.23895416e+01]
 [ 4.39980812e-02  9.88986790e-01  1.41312614e-01 -1.34235443e+02]
 [ 3.27376416e-03 -1.41591564e-01  9.89919722e-01 -1.22206581e+02]
 [ 0.00000000e+00  0.00000000e+00  0.00000000e+00  1.00000000e+00]]
2024-10-22 19:24:58,373 - INFO - Generated mask: shape=(176, 256, 256), affine=
[[ 9.99023795e-01 -4.30920534e-02 -9.46749002e-03 -8.23895416e+01]
 [ 4.39980812e-02  9.88986790e-01  1.41312614e-01 -1.34235443e+02]
 [ 3.27376416e-03 -1.41591564e-01  9.89919722e-01 -1.22206581e+02]
 [ 0.00000000e+00  0.00000000e+00  0.00000000e+00  1.00000000e+00]]
2024-10-22 19:26:17,532 - INFO - Cleaned data: shape=(176, 256, 256, 184), min=-12.294918060302734, max=12.284872055053711, mean=1.117101598319817e-12
2024-10-22 19:26:18,718 - INFO - Memory usage after after loading and cleaning run: 68197.41 MB
2024-10-22 19:26:20,440 - INFO - Loading run 3 from /lab_data/behrmannlab/vlad/hemispace/sub-093/ses-01/derivatives/fsl/loc/run-03/1stLevel.feat/filtered_func_data_reg.nii.gz
2024-10-22 19:26:25,111 - INFO - Functional image: shape=(176, 256, 256, 184), affine=
[[ 9.99023795e-01 -4.30920534e-02 -9.46749002e-03 -8.23895416e+01]
 [ 4.39980812e-02  9.88986790e-01  1.41312614e-01 -1.34235443e+02]
 [ 3.27376416e-03 -1.41591564e-01  9.89919722e-01 -1.22206581e+02]
 [ 0.00000000e+00  0.00000000e+00  0.00000000e+00  1.00000000e+00]]
2024-10-22 19:27:04,002 - INFO - Generated mask: shape=(176, 256, 256), affine=
[[ 9.99023795e-01 -4.30920534e-02 -9.46749002e-03 -8.23895416e+01]
 [ 4.39980812e-02  9.88986790e-01  1.41312614e-01 -1.34235443e+02]
 [ 3.27376416e-03 -1.41591564e-01  9.89919722e-01 -1.22206581e+02]
 [ 0.00000000e+00  0.00000000e+00  0.00000000e+00  1.00000000e+00]]
2024-10-22 19:28:19,641 - INFO - Cleaned data: shape=(176, 256, 256, 184), min=-12.571433067321777, max=12.099506378173828, mean=4.108786942720835e-13
2024-10-22 19:28:20,067 - INFO - Memory usage after after loading and cleaning run: 68207.57 MB
2024-10-22 19:28:49,802 - INFO - Concatenated data shape: (176, 256, 256, 368)
2024-10-22 19:28:51,284 - INFO - Memory usage after after concatenating runs: 84399.57 MB
2024-10-22 19:32:16,296 - INFO - Creating Searchlight object for LO left...
2024-10-22 19:32:16,475 - INFO - Searchlight object created.
2024-10-22 19:32:16,476 - INFO - Distributing data...
2024-10-22 19:33:16,739 - INFO - Data distribution completed.
2024-10-22 19:33:17,192 - INFO - Broadcasting LO time series and psychological covariate...
2024-10-22 19:33:17,193 - INFO - Broadcasting completed.
2024-10-22 19:33:17,193 - INFO - Starting searchlight analysis...
2024-10-22 23:29:32,643 - INFO - Searchlight analysis completed.
2024-10-22 23:29:32,878 - INFO - Memory usage after after searchlight: 84672.16 MB
2024-10-22 23:29:42,023 - INFO - Saved searchlight result to /lab_data/behrmannlab/vlad/ptoc/sub-093/ses-01//derivatives/gca/searchlight_result_object_runs13_LO_left.nii.gz
2024-10-22 23:29:45,935 - INFO - Processing LO left for run combination [2, 3] for subject sub-093
2024-10-22 23:29:46,156 - INFO - Loading run 2 from /lab_data/behrmannlab/vlad/hemispace/sub-093/ses-01/derivatives/fsl/loc/run-02/1stLevel.feat/filtered_func_data_reg.nii.gz
2024-10-22 23:29:52,088 - INFO - Functional image: shape=(176, 256, 256, 184), affine=
[[ 9.99023795e-01 -4.30920534e-02 -9.46749002e-03 -8.23895416e+01]
 [ 4.39980812e-02  9.88986790e-01  1.41312614e-01 -1.34235443e+02]
 [ 3.27376416e-03 -1.41591564e-01  9.89919722e-01 -1.22206581e+02]
 [ 0.00000000e+00  0.00000000e+00  0.00000000e+00  1.00000000e+00]]
2024-10-22 23:30:31,986 - INFO - Generated mask: shape=(176, 256, 256), affine=
[[ 9.99023795e-01 -4.30920534e-02 -9.46749002e-03 -8.23895416e+01]
 [ 4.39980812e-02  9.88986790e-01  1.41312614e-01 -1.34235443e+02]
 [ 3.27376416e-03 -1.41591564e-01  9.89919722e-01 -1.22206581e+02]
 [ 0.00000000e+00  0.00000000e+00  0.00000000e+00  1.00000000e+00]]
2024-10-22 23:31:49,619 - INFO - Cleaned data: shape=(176, 256, 256, 184), min=-12.978113174438477, max=12.255973815917969, mean=1.080511420585918e-12
2024-10-22 23:31:50,942 - INFO - Memory usage after after loading and cleaning run: 67630.64 MB
2024-10-22 23:31:52,609 - INFO - Loading run 3 from /lab_data/behrmannlab/vlad/hemispace/sub-093/ses-01/derivatives/fsl/loc/run-03/1stLevel.feat/filtered_func_data_reg.nii.gz
2024-10-22 23:31:57,397 - INFO - Functional image: shape=(176, 256, 256, 184), affine=
[[ 9.99023795e-01 -4.30920534e-02 -9.46749002e-03 -8.23895416e+01]
 [ 4.39980812e-02  9.88986790e-01  1.41312614e-01 -1.34235443e+02]
 [ 3.27376416e-03 -1.41591564e-01  9.89919722e-01 -1.22206581e+02]
 [ 0.00000000e+00  0.00000000e+00  0.00000000e+00  1.00000000e+00]]
2024-10-22 23:32:36,488 - INFO - Generated mask: shape=(176, 256, 256), affine=
[[ 9.99023795e-01 -4.30920534e-02 -9.46749002e-03 -8.23895416e+01]
 [ 4.39980812e-02  9.88986790e-01  1.41312614e-01 -1.34235443e+02]
 [ 3.27376416e-03 -1.41591564e-01  9.89919722e-01 -1.22206581e+02]
 [ 0.00000000e+00  0.00000000e+00  0.00000000e+00  1.00000000e+00]]
2024-10-22 23:33:53,329 - INFO - Cleaned data: shape=(176, 256, 256, 184), min=-12.571433067321777, max=12.099506378173828, mean=4.108786942720835e-13
2024-10-22 23:33:54,132 - INFO - Memory usage after after loading and cleaning run: 67630.64 MB
2024-10-22 23:34:28,998 - INFO - Concatenated data shape: (176, 256, 256, 368)
2024-10-22 23:34:30,453 - INFO - Memory usage after after concatenating runs: 83822.64 MB
2024-10-22 23:38:07,841 - INFO - Creating Searchlight object for LO left...
2024-10-22 23:38:09,529 - INFO - Searchlight object created.
2024-10-22 23:38:09,529 - INFO - Distributing data...
2024-10-22 23:39:17,118 - INFO - Data distribution completed.
2024-10-22 23:39:17,178 - INFO - Broadcasting LO time series and psychological covariate...
2024-10-22 23:39:17,179 - INFO - Broadcasting completed.
2024-10-22 23:39:17,179 - INFO - Starting searchlight analysis...
2024-10-23 03:35:55,084 - INFO - Searchlight analysis completed.
2024-10-23 03:35:55,267 - INFO - Memory usage after after searchlight: 83038.96 MB
2024-10-23 03:36:04,402 - INFO - Saved searchlight result to /lab_data/behrmannlab/vlad/ptoc/sub-093/ses-01//derivatives/gca/searchlight_result_object_runs23_LO_left.nii.gz
2024-10-23 03:36:08,700 - INFO - Processing LO right for run combination [1, 2] for subject sub-093
2024-10-23 03:36:09,403 - INFO - Loading run 1 from /lab_data/behrmannlab/vlad/hemispace/sub-093/ses-01/derivatives/fsl/loc/run-01/1stLevel.feat/filtered_func_data_reg.nii.gz
2024-10-23 03:36:12,991 - INFO - Functional image: shape=(176, 256, 256, 184), affine=
[[ 9.99023795e-01 -4.30920534e-02 -9.46749002e-03 -8.23895416e+01]
 [ 4.39980812e-02  9.88986790e-01  1.41312614e-01 -1.34235443e+02]
 [ 3.27376416e-03 -1.41591564e-01  9.89919722e-01 -1.22206581e+02]
 [ 0.00000000e+00  0.00000000e+00  0.00000000e+00  1.00000000e+00]]
2024-10-23 03:36:56,830 - INFO - Generated mask: shape=(176, 256, 256), affine=
[[ 9.99023795e-01 -4.30920534e-02 -9.46749002e-03 -8.23895416e+01]
 [ 4.39980812e-02  9.88986790e-01  1.41312614e-01 -1.34235443e+02]
 [ 3.27376416e-03 -1.41591564e-01  9.89919722e-01 -1.22206581e+02]
 [ 0.00000000e+00  0.00000000e+00  0.00000000e+00  1.00000000e+00]]
2024-10-23 03:38:17,019 - INFO - Cleaned data: shape=(176, 256, 256, 184), min=-12.294918060302734, max=12.284872055053711, mean=1.117101598319817e-12
2024-10-23 03:38:17,574 - INFO - Memory usage after after loading and cleaning run: 66724.38 MB
2024-10-23 03:38:19,183 - INFO - Loading run 2 from /lab_data/behrmannlab/vlad/hemispace/sub-093/ses-01/derivatives/fsl/loc/run-02/1stLevel.feat/filtered_func_data_reg.nii.gz
2024-10-23 03:38:24,621 - INFO - Functional image: shape=(176, 256, 256, 184), affine=
[[ 9.99023795e-01 -4.30920534e-02 -9.46749002e-03 -8.23895416e+01]
 [ 4.39980812e-02  9.88986790e-01  1.41312614e-01 -1.34235443e+02]
 [ 3.27376416e-03 -1.41591564e-01  9.89919722e-01 -1.22206581e+02]
 [ 0.00000000e+00  0.00000000e+00  0.00000000e+00  1.00000000e+00]]
2024-10-23 03:39:02,812 - INFO - Generated mask: shape=(176, 256, 256), affine=
[[ 9.99023795e-01 -4.30920534e-02 -9.46749002e-03 -8.23895416e+01]
 [ 4.39980812e-02  9.88986790e-01  1.41312614e-01 -1.34235443e+02]
 [ 3.27376416e-03 -1.41591564e-01  9.89919722e-01 -1.22206581e+02]
 [ 0.00000000e+00  0.00000000e+00  0.00000000e+00  1.00000000e+00]]
2024-10-23 03:40:21,383 - INFO - Cleaned data: shape=(176, 256, 256, 184), min=-12.978113174438477, max=12.255973815917969, mean=1.080511420585918e-12
2024-10-23 03:40:21,946 - INFO - Memory usage after after loading and cleaning run: 66981.58 MB
2024-10-23 03:40:51,660 - INFO - Concatenated data shape: (176, 256, 256, 368)
2024-10-23 03:40:53,238 - INFO - Memory usage after after concatenating runs: 83173.58 MB
2024-10-23 03:44:22,430 - INFO - Creating Searchlight object for LO right...
2024-10-23 03:44:22,645 - INFO - Searchlight object created.
2024-10-23 03:44:22,646 - INFO - Distributing data...
2024-10-23 03:45:30,917 - INFO - Data distribution completed.
2024-10-23 03:45:30,946 - INFO - Broadcasting LO time series and psychological covariate...
2024-10-23 03:45:30,946 - INFO - Broadcasting completed.
2024-10-23 03:45:30,947 - INFO - Starting searchlight analysis...
2024-10-23 07:43:16,712 - INFO - Searchlight analysis completed.
2024-10-23 07:43:16,949 - INFO - Memory usage after after searchlight: 83547.96 MB
2024-10-23 07:43:23,381 - INFO - Saved searchlight result to /lab_data/behrmannlab/vlad/ptoc/sub-093/ses-01//derivatives/gca/searchlight_result_object_runs12_LO_right.nii.gz
2024-10-23 07:43:27,366 - INFO - Processing LO right for run combination [1, 3] for subject sub-093
2024-10-23 07:43:27,483 - INFO - Loading run 1 from /lab_data/behrmannlab/vlad/hemispace/sub-093/ses-01/derivatives/fsl/loc/run-01/1stLevel.feat/filtered_func_data_reg.nii.gz
2024-10-23 07:43:32,733 - INFO - Functional image: shape=(176, 256, 256, 184), affine=
[[ 9.99023795e-01 -4.30920534e-02 -9.46749002e-03 -8.23895416e+01]
 [ 4.39980812e-02  9.88986790e-01  1.41312614e-01 -1.34235443e+02]
 [ 3.27376416e-03 -1.41591564e-01  9.89919722e-01 -1.22206581e+02]
 [ 0.00000000e+00  0.00000000e+00  0.00000000e+00  1.00000000e+00]]
2024-10-23 07:44:12,850 - INFO - Generated mask: shape=(176, 256, 256), affine=
[[ 9.99023795e-01 -4.30920534e-02 -9.46749002e-03 -8.23895416e+01]
 [ 4.39980812e-02  9.88986790e-01  1.41312614e-01 -1.34235443e+02]
 [ 3.27376416e-03 -1.41591564e-01  9.89919722e-01 -1.22206581e+02]
 [ 0.00000000e+00  0.00000000e+00  0.00000000e+00  1.00000000e+00]]
2024-10-23 07:45:31,590 - INFO - Cleaned data: shape=(176, 256, 256, 184), min=-12.294918060302734, max=12.284872055053711, mean=1.117101598319817e-12
2024-10-23 07:45:32,318 - INFO - Memory usage after after loading and cleaning run: 66639.86 MB
2024-10-23 07:45:34,118 - INFO - Loading run 3 from /lab_data/behrmannlab/vlad/hemispace/sub-093/ses-01/derivatives/fsl/loc/run-03/1stLevel.feat/filtered_func_data_reg.nii.gz
2024-10-23 07:45:39,393 - INFO - Functional image: shape=(176, 256, 256, 184), affine=
[[ 9.99023795e-01 -4.30920534e-02 -9.46749002e-03 -8.23895416e+01]
 [ 4.39980812e-02  9.88986790e-01  1.41312614e-01 -1.34235443e+02]
 [ 3.27376416e-03 -1.41591564e-01  9.89919722e-01 -1.22206581e+02]
 [ 0.00000000e+00  0.00000000e+00  0.00000000e+00  1.00000000e+00]]
2024-10-23 07:46:17,088 - INFO - Generated mask: shape=(176, 256, 256), affine=
[[ 9.99023795e-01 -4.30920534e-02 -9.46749002e-03 -8.23895416e+01]
 [ 4.39980812e-02  9.88986790e-01  1.41312614e-01 -1.34235443e+02]
 [ 3.27376416e-03 -1.41591564e-01  9.89919722e-01 -1.22206581e+02]
 [ 0.00000000e+00  0.00000000e+00  0.00000000e+00  1.00000000e+00]]
2024-10-23 07:47:36,398 - INFO - Cleaned data: shape=(176, 256, 256, 184), min=-12.571433067321777, max=12.099506378173828, mean=4.108786942720835e-13
2024-10-23 07:47:36,907 - INFO - Memory usage after after loading and cleaning run: 66692.72 MB
2024-10-23 07:48:06,476 - INFO - Concatenated data shape: (176, 256, 256, 368)
2024-10-23 07:48:08,471 - INFO - Memory usage after after concatenating runs: 82884.72 MB
2024-10-23 07:51:39,675 - INFO - Creating Searchlight object for LO right...
2024-10-23 07:51:39,953 - INFO - Searchlight object created.
2024-10-23 07:51:39,953 - INFO - Distributing data...
2024-10-23 07:52:46,561 - INFO - Data distribution completed.
2024-10-23 07:52:46,821 - INFO - Broadcasting LO time series and psychological covariate...
2024-10-23 07:52:46,821 - INFO - Broadcasting completed.
2024-10-23 07:52:46,821 - INFO - Starting searchlight analysis...
2024-10-23 11:50:19,115 - INFO - Searchlight analysis completed.
2024-10-23 11:50:19,178 - INFO - Memory usage after after searchlight: 83066.62 MB
2024-10-23 11:50:26,505 - INFO - Saved searchlight result to /lab_data/behrmannlab/vlad/ptoc/sub-093/ses-01//derivatives/gca/searchlight_result_object_runs13_LO_right.nii.gz
2024-10-23 11:50:30,252 - INFO - Processing LO right for run combination [2, 3] for subject sub-093
2024-10-23 11:50:30,725 - INFO - Loading run 2 from /lab_data/behrmannlab/vlad/hemispace/sub-093/ses-01/derivatives/fsl/loc/run-02/1stLevel.feat/filtered_func_data_reg.nii.gz
2024-10-23 11:50:36,798 - INFO - Functional image: shape=(176, 256, 256, 184), affine=
[[ 9.99023795e-01 -4.30920534e-02 -9.46749002e-03 -8.23895416e+01]
 [ 4.39980812e-02  9.88986790e-01  1.41312614e-01 -1.34235443e+02]
 [ 3.27376416e-03 -1.41591564e-01  9.89919722e-01 -1.22206581e+02]
 [ 0.00000000e+00  0.00000000e+00  0.00000000e+00  1.00000000e+00]]
2024-10-23 11:51:15,299 - INFO - Generated mask: shape=(176, 256, 256), affine=
[[ 9.99023795e-01 -4.30920534e-02 -9.46749002e-03 -8.23895416e+01]
 [ 4.39980812e-02  9.88986790e-01  1.41312614e-01 -1.34235443e+02]
 [ 3.27376416e-03 -1.41591564e-01  9.89919722e-01 -1.22206581e+02]
 [ 0.00000000e+00  0.00000000e+00  0.00000000e+00  1.00000000e+00]]
2024-10-23 11:52:33,934 - INFO - Cleaned data: shape=(176, 256, 256, 184), min=-12.978113174438477, max=12.255973815917969, mean=1.080511420585918e-12
2024-10-23 11:52:34,677 - INFO - Memory usage after after loading and cleaning run: 66022.25 MB
2024-10-23 11:52:36,491 - INFO - Loading run 3 from /lab_data/behrmannlab/vlad/hemispace/sub-093/ses-01/derivatives/fsl/loc/run-03/1stLevel.feat/filtered_func_data_reg.nii.gz
2024-10-23 11:52:42,671 - INFO - Functional image: shape=(176, 256, 256, 184), affine=
[[ 9.99023795e-01 -4.30920534e-02 -9.46749002e-03 -8.23895416e+01]
 [ 4.39980812e-02  9.88986790e-01  1.41312614e-01 -1.34235443e+02]
 [ 3.27376416e-03 -1.41591564e-01  9.89919722e-01 -1.22206581e+02]
 [ 0.00000000e+00  0.00000000e+00  0.00000000e+00  1.00000000e+00]]
2024-10-23 11:53:20,647 - INFO - Generated mask: shape=(176, 256, 256), affine=
[[ 9.99023795e-01 -4.30920534e-02 -9.46749002e-03 -8.23895416e+01]
 [ 4.39980812e-02  9.88986790e-01  1.41312614e-01 -1.34235443e+02]
 [ 3.27376416e-03 -1.41591564e-01  9.89919722e-01 -1.22206581e+02]
 [ 0.00000000e+00  0.00000000e+00  0.00000000e+00  1.00000000e+00]]
2024-10-23 11:54:38,309 - INFO - Cleaned data: shape=(176, 256, 256, 184), min=-12.571433067321777, max=12.099506378173828, mean=4.108786942720835e-13
2024-10-23 11:54:39,067 - INFO - Memory usage after after loading and cleaning run: 66022.25 MB
2024-10-23 11:55:08,600 - INFO - Concatenated data shape: (176, 256, 256, 368)
2024-10-23 11:55:10,130 - INFO - Memory usage after after concatenating runs: 82214.25 MB
2024-10-23 11:58:37,808 - INFO - Creating Searchlight object for LO right...
2024-10-23 11:58:38,138 - INFO - Searchlight object created.
2024-10-23 11:58:38,139 - INFO - Distributing data...
2024-10-23 11:59:49,618 - INFO - Data distribution completed.
2024-10-23 11:59:49,748 - INFO - Broadcasting LO time series and psychological covariate...
2024-10-23 11:59:49,748 - INFO - Broadcasting completed.
2024-10-23 11:59:49,748 - INFO - Starting searchlight analysis...
