Traceback (most recent call last):
  File "<string>", line 2, in <module>
ModuleNotFoundError: No module named 'brainiak.utils.fmriroi'
/home/csimmon2/anaconda3/envs/brainiak_env/lib/python3.7/site-packages/nilearn/__init__.py:67: FutureWarning: Python 3.7 support is deprecated and will be removed in release 0.12 of Nilearn. Consider switching to Python 3.9 or 3.10.
  _python_deprecation_warnings()
2024-10-19 10:05:06,083 - INFO - Running searchlight analysis with GCA for Object...
2024-10-19 10:05:06,310 - INFO - Processing pIPS left for run combination [1, 2] for subject sub-084
2024-10-19 10:05:06,311 - INFO - Loading run 1 from /lab_data/behrmannlab/vlad/hemispace/sub-084/ses-01/derivatives/fsl/loc/run-01/1stLevel.feat/filtered_func_data_reg.nii.gz
2024-10-19 10:05:07,059 - INFO - Functional image: shape=(176, 256, 256, 184), affine=
[[ 9.98191535e-01 -2.23936848e-02 -5.57595193e-02 -7.64593658e+01]
 [ 3.58945057e-02  9.66419578e-01  2.54449964e-01 -1.34799622e+02]
 [ 4.81889434e-02 -2.55991668e-01  9.65477109e-01 -7.69272232e+01]
 [ 0.00000000e+00  0.00000000e+00  0.00000000e+00  1.00000000e+00]]
2024-10-19 10:05:42,863 - INFO - Generated mask: shape=(176, 256, 256), affine=
[[ 9.98191535e-01 -2.23936848e-02 -5.57595193e-02 -7.64593658e+01]
 [ 3.58945057e-02  9.66419578e-01  2.54449964e-01 -1.34799622e+02]
 [ 4.81889434e-02 -2.55991668e-01  9.65477109e-01 -7.69272232e+01]
 [ 0.00000000e+00  0.00000000e+00  0.00000000e+00  1.00000000e+00]]
2024-10-19 10:07:38,318 - INFO - Cleaned data: shape=(176, 256, 256, 184), min=-11.874370574951172, max=12.039669036865234, mean=-6.981554633525437e-13
2024-10-19 10:07:38,397 - INFO - Memory usage after after loading and cleaning run: 16381.01 MB
2024-10-19 10:07:38,397 - INFO - Loading run 2 from /lab_data/behrmannlab/vlad/hemispace/sub-084/ses-01/derivatives/fsl/loc/run-02/1stLevel.feat/filtered_func_data_reg.nii.gz
2024-10-19 10:07:38,595 - INFO - Functional image: shape=(176, 256, 256, 184), affine=
[[ 9.98191535e-01 -2.23936848e-02 -5.57595193e-02 -7.64593658e+01]
 [ 3.58945057e-02  9.66419578e-01  2.54449964e-01 -1.34799622e+02]
 [ 4.81889434e-02 -2.55991668e-01  9.65477109e-01 -7.69272232e+01]
 [ 0.00000000e+00  0.00000000e+00  0.00000000e+00  1.00000000e+00]]
2024-10-19 10:08:15,575 - INFO - Generated mask: shape=(176, 256, 256), affine=
[[ 9.98191535e-01 -2.23936848e-02 -5.57595193e-02 -7.64593658e+01]
 [ 3.58945057e-02  9.66419578e-01  2.54449964e-01 -1.34799622e+02]
 [ 4.81889434e-02 -2.55991668e-01  9.65477109e-01 -7.69272232e+01]
 [ 0.00000000e+00  0.00000000e+00  0.00000000e+00  1.00000000e+00]]
2024-10-19 10:09:03,834 - INFO - Cleaned data: shape=(176, 256, 256, 184), min=-12.014059066772461, max=11.677641868591309, mean=4.0620646257058623e-13
2024-10-19 10:09:03,893 - INFO - Memory usage after after loading and cleaning run: 32602.99 MB
2024-10-19 10:09:22,923 - INFO - Concatenated data shape: (176, 256, 256, 368)
2024-10-19 10:09:23,010 - INFO - Memory usage after after concatenating runs: 48794.99 MB
2024-10-19 10:12:33,583 - INFO - Creating Searchlight object for pIPS left...
2024-10-19 10:12:33,589 - INFO - Searchlight object created.
2024-10-19 10:12:33,589 - INFO - Distributing data...
2024-10-19 10:13:51,794 - INFO - Data distribution completed.
2024-10-19 10:13:51,797 - INFO - Broadcasting pIPS time series and psychological covariate...
2024-10-19 10:13:51,797 - INFO - Broadcasting completed.
2024-10-19 10:13:51,797 - INFO - Starting searchlight analysis...
2024-10-19 14:18:30,056 - INFO - Searchlight analysis completed.
2024-10-19 14:18:30,057 - INFO - Memory usage after after searchlight: 86510.96 MB
2024-10-19 14:18:32,168 - INFO - Saved searchlight result to /lab_data/behrmannlab/vlad/ptoc/sub-084/ses-01//derivatives/gca/searchlight_result_object_runs12_pIPS_left.nii.gz
2024-10-19 14:18:33,404 - INFO - Processing pIPS left for run combination [1, 3] for subject sub-084
2024-10-19 14:18:33,405 - INFO - Loading run 1 from /lab_data/behrmannlab/vlad/hemispace/sub-084/ses-01/derivatives/fsl/loc/run-01/1stLevel.feat/filtered_func_data_reg.nii.gz
2024-10-19 14:18:34,163 - INFO - Functional image: shape=(176, 256, 256, 184), affine=
[[ 9.98191535e-01 -2.23936848e-02 -5.57595193e-02 -7.64593658e+01]
 [ 3.58945057e-02  9.66419578e-01  2.54449964e-01 -1.34799622e+02]
 [ 4.81889434e-02 -2.55991668e-01  9.65477109e-01 -7.69272232e+01]
 [ 0.00000000e+00  0.00000000e+00  0.00000000e+00  1.00000000e+00]]
2024-10-19 14:19:17,508 - INFO - Generated mask: shape=(176, 256, 256), affine=
[[ 9.98191535e-01 -2.23936848e-02 -5.57595193e-02 -7.64593658e+01]
 [ 3.58945057e-02  9.66419578e-01  2.54449964e-01 -1.34799622e+02]
 [ 4.81889434e-02 -2.55991668e-01  9.65477109e-01 -7.69272232e+01]
 [ 0.00000000e+00  0.00000000e+00  0.00000000e+00  1.00000000e+00]]
2024-10-19 14:21:31,339 - INFO - Cleaned data: shape=(176, 256, 256, 184), min=-11.874370574951172, max=12.039669036865234, mean=-6.981554633525437e-13
2024-10-19 14:21:31,395 - INFO - Memory usage after after loading and cleaning run: 69464.30 MB
2024-10-19 14:21:31,657 - INFO - Loading run 3 from /lab_data/behrmannlab/vlad/hemispace/sub-084/ses-01/derivatives/fsl/loc/run-03/1stLevel.feat/filtered_func_data_reg.nii.gz
2024-10-19 14:21:31,999 - INFO - Functional image: shape=(176, 256, 256, 184), affine=
[[ 9.98191535e-01 -2.23936848e-02 -5.57595193e-02 -7.64593658e+01]
 [ 3.58945057e-02  9.66419578e-01  2.54449964e-01 -1.34799622e+02]
 [ 4.81889434e-02 -2.55991668e-01  9.65477109e-01 -7.69272232e+01]
 [ 0.00000000e+00  0.00000000e+00  0.00000000e+00  1.00000000e+00]]
2024-10-19 14:22:09,676 - INFO - Generated mask: shape=(176, 256, 256), affine=
[[ 9.98191535e-01 -2.23936848e-02 -5.57595193e-02 -7.64593658e+01]
 [ 3.58945057e-02  9.66419578e-01  2.54449964e-01 -1.34799622e+02]
 [ 4.81889434e-02 -2.55991668e-01  9.65477109e-01 -7.69272232e+01]
 [ 0.00000000e+00  0.00000000e+00  0.00000000e+00  1.00000000e+00]]
2024-10-19 14:23:03,746 - INFO - Cleaned data: shape=(176, 256, 256, 184), min=-12.400802612304688, max=12.356685638427734, mean=3.5994187994262337e-12
2024-10-19 14:23:03,796 - INFO - Memory usage after after loading and cleaning run: 69376.30 MB
2024-10-19 14:23:28,315 - INFO - Concatenated data shape: (176, 256, 256, 368)
2024-10-19 14:23:28,389 - INFO - Memory usage after after concatenating runs: 85568.30 MB
2024-10-19 14:27:21,826 - INFO - Creating Searchlight object for pIPS left...
2024-10-19 14:27:22,737 - INFO - Searchlight object created.
2024-10-19 14:27:22,737 - INFO - Distributing data...
2024-10-19 14:28:38,484 - INFO - Data distribution completed.
2024-10-19 14:28:38,485 - INFO - Broadcasting pIPS time series and psychological covariate...
2024-10-19 14:28:38,485 - INFO - Broadcasting completed.
2024-10-19 14:28:38,485 - INFO - Starting searchlight analysis...
2024-10-19 18:39:04,414 - INFO - Searchlight analysis completed.
2024-10-19 18:39:04,417 - INFO - Memory usage after after searchlight: 87481.03 MB
2024-10-19 18:39:07,098 - INFO - Saved searchlight result to /lab_data/behrmannlab/vlad/ptoc/sub-084/ses-01//derivatives/gca/searchlight_result_object_runs13_pIPS_left.nii.gz
2024-10-19 18:39:08,704 - INFO - Processing pIPS left for run combination [2, 3] for subject sub-084
2024-10-19 18:39:08,721 - INFO - Loading run 2 from /lab_data/behrmannlab/vlad/hemispace/sub-084/ses-01/derivatives/fsl/loc/run-02/1stLevel.feat/filtered_func_data_reg.nii.gz
2024-10-19 18:39:09,348 - INFO - Functional image: shape=(176, 256, 256, 184), affine=
[[ 9.98191535e-01 -2.23936848e-02 -5.57595193e-02 -7.64593658e+01]
 [ 3.58945057e-02  9.66419578e-01  2.54449964e-01 -1.34799622e+02]
 [ 4.81889434e-02 -2.55991668e-01  9.65477109e-01 -7.69272232e+01]
 [ 0.00000000e+00  0.00000000e+00  0.00000000e+00  1.00000000e+00]]
2024-10-19 18:39:46,330 - INFO - Generated mask: shape=(176, 256, 256), affine=
[[ 9.98191535e-01 -2.23936848e-02 -5.57595193e-02 -7.64593658e+01]
 [ 3.58945057e-02  9.66419578e-01  2.54449964e-01 -1.34799622e+02]
 [ 4.81889434e-02 -2.55991668e-01  9.65477109e-01 -7.69272232e+01]
 [ 0.00000000e+00  0.00000000e+00  0.00000000e+00  1.00000000e+00]]
2024-10-19 18:40:36,759 - INFO - Cleaned data: shape=(176, 256, 256, 184), min=-12.014059066772461, max=11.677641868591309, mean=4.0620646257058623e-13
2024-10-19 18:40:36,806 - INFO - Memory usage after after loading and cleaning run: 70420.55 MB
2024-10-19 18:40:37,355 - INFO - Loading run 3 from /lab_data/behrmannlab/vlad/hemispace/sub-084/ses-01/derivatives/fsl/loc/run-03/1stLevel.feat/filtered_func_data_reg.nii.gz
2024-10-19 18:40:38,075 - INFO - Functional image: shape=(176, 256, 256, 184), affine=
[[ 9.98191535e-01 -2.23936848e-02 -5.57595193e-02 -7.64593658e+01]
 [ 3.58945057e-02  9.66419578e-01  2.54449964e-01 -1.34799622e+02]
 [ 4.81889434e-02 -2.55991668e-01  9.65477109e-01 -7.69272232e+01]
 [ 0.00000000e+00  0.00000000e+00  0.00000000e+00  1.00000000e+00]]
2024-10-19 18:41:13,835 - INFO - Generated mask: shape=(176, 256, 256), affine=
[[ 9.98191535e-01 -2.23936848e-02 -5.57595193e-02 -7.64593658e+01]
 [ 3.58945057e-02  9.66419578e-01  2.54449964e-01 -1.34799622e+02]
 [ 4.81889434e-02 -2.55991668e-01  9.65477109e-01 -7.69272232e+01]
 [ 0.00000000e+00  0.00000000e+00  0.00000000e+00  1.00000000e+00]]
2024-10-19 18:42:07,897 - INFO - Cleaned data: shape=(176, 256, 256, 184), min=-12.400802612304688, max=12.356685638427734, mean=3.5994187994262337e-12
2024-10-19 18:42:07,962 - INFO - Memory usage after after loading and cleaning run: 70420.55 MB
2024-10-19 18:42:32,379 - INFO - Concatenated data shape: (176, 256, 256, 368)
2024-10-19 18:42:32,453 - INFO - Memory usage after after concatenating runs: 86612.55 MB
2024-10-19 18:46:26,355 - INFO - Creating Searchlight object for pIPS left...
2024-10-19 18:46:26,380 - INFO - Searchlight object created.
2024-10-19 18:46:26,380 - INFO - Distributing data...
2024-10-19 18:47:40,599 - INFO - Data distribution completed.
2024-10-19 18:47:40,599 - INFO - Broadcasting pIPS time series and psychological covariate...
2024-10-19 18:47:40,599 - INFO - Broadcasting completed.
2024-10-19 18:47:40,600 - INFO - Starting searchlight analysis...
2024-10-19 22:57:25,836 - INFO - Searchlight analysis completed.
2024-10-19 22:57:25,845 - INFO - Memory usage after after searchlight: 87471.48 MB
2024-10-19 22:57:28,139 - INFO - Saved searchlight result to /lab_data/behrmannlab/vlad/ptoc/sub-084/ses-01//derivatives/gca/searchlight_result_object_runs23_pIPS_left.nii.gz
2024-10-19 22:57:29,753 - INFO - Processing pIPS right for run combination [1, 2] for subject sub-084
2024-10-19 22:57:29,756 - INFO - Loading run 1 from /lab_data/behrmannlab/vlad/hemispace/sub-084/ses-01/derivatives/fsl/loc/run-01/1stLevel.feat/filtered_func_data_reg.nii.gz
2024-10-19 22:57:30,275 - INFO - Functional image: shape=(176, 256, 256, 184), affine=
[[ 9.98191535e-01 -2.23936848e-02 -5.57595193e-02 -7.64593658e+01]
 [ 3.58945057e-02  9.66419578e-01  2.54449964e-01 -1.34799622e+02]
 [ 4.81889434e-02 -2.55991668e-01  9.65477109e-01 -7.69272232e+01]
 [ 0.00000000e+00  0.00000000e+00  0.00000000e+00  1.00000000e+00]]
2024-10-19 22:58:12,187 - INFO - Generated mask: shape=(176, 256, 256), affine=
[[ 9.98191535e-01 -2.23936848e-02 -5.57595193e-02 -7.64593658e+01]
 [ 3.58945057e-02  9.66419578e-01  2.54449964e-01 -1.34799622e+02]
 [ 4.81889434e-02 -2.55991668e-01  9.65477109e-01 -7.69272232e+01]
 [ 0.00000000e+00  0.00000000e+00  0.00000000e+00  1.00000000e+00]]
2024-10-19 23:00:55,450 - INFO - Cleaned data: shape=(176, 256, 256, 184), min=-11.874370574951172, max=12.039669036865234, mean=-6.981554633525437e-13
2024-10-19 23:00:55,516 - INFO - Memory usage after after loading and cleaning run: 70410.73 MB
2024-10-19 23:00:56,059 - INFO - Loading run 2 from /lab_data/behrmannlab/vlad/hemispace/sub-084/ses-01/derivatives/fsl/loc/run-02/1stLevel.feat/filtered_func_data_reg.nii.gz
2024-10-19 23:00:56,333 - INFO - Functional image: shape=(176, 256, 256, 184), affine=
[[ 9.98191535e-01 -2.23936848e-02 -5.57595193e-02 -7.64593658e+01]
 [ 3.58945057e-02  9.66419578e-01  2.54449964e-01 -1.34799622e+02]
 [ 4.81889434e-02 -2.55991668e-01  9.65477109e-01 -7.69272232e+01]
 [ 0.00000000e+00  0.00000000e+00  0.00000000e+00  1.00000000e+00]]
2024-10-19 23:01:35,568 - INFO - Generated mask: shape=(176, 256, 256), affine=
[[ 9.98191535e-01 -2.23936848e-02 -5.57595193e-02 -7.64593658e+01]
 [ 3.58945057e-02  9.66419578e-01  2.54449964e-01 -1.34799622e+02]
 [ 4.81889434e-02 -2.55991668e-01  9.65477109e-01 -7.69272232e+01]
 [ 0.00000000e+00  0.00000000e+00  0.00000000e+00  1.00000000e+00]]
2024-10-19 23:02:45,704 - INFO - Cleaned data: shape=(176, 256, 256, 184), min=-12.014059066772461, max=11.677641868591309, mean=4.0620646257058623e-13
2024-10-19 23:02:45,854 - INFO - Memory usage after after loading and cleaning run: 70410.73 MB
2024-10-19 23:03:21,426 - INFO - Concatenated data shape: (176, 256, 256, 368)
2024-10-19 23:03:22,519 - INFO - Memory usage after after concatenating runs: 86602.73 MB
2024-10-19 23:08:04,340 - INFO - Creating Searchlight object for pIPS right...
2024-10-19 23:08:05,209 - INFO - Searchlight object created.
2024-10-19 23:08:05,210 - INFO - Distributing data...
2024-10-19 23:09:15,905 - INFO - Data distribution completed.
2024-10-19 23:09:15,916 - INFO - Broadcasting pIPS time series and psychological covariate...
2024-10-19 23:09:15,916 - INFO - Broadcasting completed.
2024-10-19 23:09:15,916 - INFO - Starting searchlight analysis...
2024-10-20 03:14:10,908 - INFO - Searchlight analysis completed.
2024-10-20 03:14:10,916 - INFO - Memory usage after after searchlight: 86609.18 MB
2024-10-20 03:14:13,447 - INFO - Saved searchlight result to /lab_data/behrmannlab/vlad/ptoc/sub-084/ses-01//derivatives/gca/searchlight_result_object_runs12_pIPS_right.nii.gz
2024-10-20 03:14:15,414 - INFO - Processing pIPS right for run combination [1, 3] for subject sub-084
2024-10-20 03:14:15,414 - INFO - Loading run 1 from /lab_data/behrmannlab/vlad/hemispace/sub-084/ses-01/derivatives/fsl/loc/run-01/1stLevel.feat/filtered_func_data_reg.nii.gz
2024-10-20 03:14:15,892 - INFO - Functional image: shape=(176, 256, 256, 184), affine=
[[ 9.98191535e-01 -2.23936848e-02 -5.57595193e-02 -7.64593658e+01]
 [ 3.58945057e-02  9.66419578e-01  2.54449964e-01 -1.34799622e+02]
 [ 4.81889434e-02 -2.55991668e-01  9.65477109e-01 -7.69272232e+01]
 [ 0.00000000e+00  0.00000000e+00  0.00000000e+00  1.00000000e+00]]
2024-10-20 03:14:51,395 - INFO - Generated mask: shape=(176, 256, 256), affine=
[[ 9.98191535e-01 -2.23936848e-02 -5.57595193e-02 -7.64593658e+01]
 [ 3.58945057e-02  9.66419578e-01  2.54449964e-01 -1.34799622e+02]
 [ 4.81889434e-02 -2.55991668e-01  9.65477109e-01 -7.69272232e+01]
 [ 0.00000000e+00  0.00000000e+00  0.00000000e+00  1.00000000e+00]]
2024-10-20 03:18:04,437 - INFO - Cleaned data: shape=(176, 256, 256, 184), min=-11.874370574951172, max=12.039669036865234, mean=-6.981554633525437e-13
2024-10-20 03:18:05,070 - INFO - Memory usage after after loading and cleaning run: 69561.98 MB
2024-10-20 03:18:05,524 - INFO - Loading run 3 from /lab_data/behrmannlab/vlad/hemispace/sub-084/ses-01/derivatives/fsl/loc/run-03/1stLevel.feat/filtered_func_data_reg.nii.gz
2024-10-20 03:18:06,518 - INFO - Functional image: shape=(176, 256, 256, 184), affine=
[[ 9.98191535e-01 -2.23936848e-02 -5.57595193e-02 -7.64593658e+01]
 [ 3.58945057e-02  9.66419578e-01  2.54449964e-01 -1.34799622e+02]
 [ 4.81889434e-02 -2.55991668e-01  9.65477109e-01 -7.69272232e+01]
 [ 0.00000000e+00  0.00000000e+00  0.00000000e+00  1.00000000e+00]]
2024-10-20 03:18:43,547 - INFO - Generated mask: shape=(176, 256, 256), affine=
[[ 9.98191535e-01 -2.23936848e-02 -5.57595193e-02 -7.64593658e+01]
 [ 3.58945057e-02  9.66419578e-01  2.54449964e-01 -1.34799622e+02]
 [ 4.81889434e-02 -2.55991668e-01  9.65477109e-01 -7.69272232e+01]
 [ 0.00000000e+00  0.00000000e+00  0.00000000e+00  1.00000000e+00]]
2024-10-20 03:19:40,574 - INFO - Cleaned data: shape=(176, 256, 256, 184), min=-12.400802612304688, max=12.356685638427734, mean=3.5994187994262337e-12
2024-10-20 03:19:40,620 - INFO - Memory usage after after loading and cleaning run: 69561.98 MB
2024-10-20 03:20:11,142 - INFO - Concatenated data shape: (176, 256, 256, 368)
2024-10-20 03:20:11,856 - INFO - Memory usage after after concatenating runs: 85753.98 MB
2024-10-20 03:24:25,959 - INFO - Creating Searchlight object for pIPS right...
2024-10-20 03:24:25,970 - INFO - Searchlight object created.
2024-10-20 03:24:25,970 - INFO - Distributing data...
2024-10-20 03:25:34,040 - INFO - Data distribution completed.
2024-10-20 03:25:34,041 - INFO - Broadcasting pIPS time series and psychological covariate...
2024-10-20 03:25:34,041 - INFO - Broadcasting completed.
2024-10-20 03:25:34,041 - INFO - Starting searchlight analysis...
2024-10-20 07:36:07,903 - INFO - Searchlight analysis completed.
2024-10-20 07:36:07,914 - INFO - Memory usage after after searchlight: 87463.21 MB
2024-10-20 07:36:11,118 - INFO - Saved searchlight result to /lab_data/behrmannlab/vlad/ptoc/sub-084/ses-01//derivatives/gca/searchlight_result_object_runs13_pIPS_right.nii.gz
2024-10-20 07:36:12,874 - INFO - Processing pIPS right for run combination [2, 3] for subject sub-084
2024-10-20 07:36:12,956 - INFO - Loading run 2 from /lab_data/behrmannlab/vlad/hemispace/sub-084/ses-01/derivatives/fsl/loc/run-02/1stLevel.feat/filtered_func_data_reg.nii.gz
2024-10-20 07:36:13,711 - INFO - Functional image: shape=(176, 256, 256, 184), affine=
[[ 9.98191535e-01 -2.23936848e-02 -5.57595193e-02 -7.64593658e+01]
 [ 3.58945057e-02  9.66419578e-01  2.54449964e-01 -1.34799622e+02]
 [ 4.81889434e-02 -2.55991668e-01  9.65477109e-01 -7.69272232e+01]
 [ 0.00000000e+00  0.00000000e+00  0.00000000e+00  1.00000000e+00]]
2024-10-20 07:36:51,721 - INFO - Generated mask: shape=(176, 256, 256), affine=
[[ 9.98191535e-01 -2.23936848e-02 -5.57595193e-02 -7.64593658e+01]
 [ 3.58945057e-02  9.66419578e-01  2.54449964e-01 -1.34799622e+02]
 [ 4.81889434e-02 -2.55991668e-01  9.65477109e-01 -7.69272232e+01]
 [ 0.00000000e+00  0.00000000e+00  0.00000000e+00  1.00000000e+00]]
2024-10-20 07:37:48,131 - INFO - Cleaned data: shape=(176, 256, 256, 184), min=-12.014059066772461, max=11.677641868591309, mean=4.0620646257058623e-13
2024-10-20 07:37:48,174 - INFO - Memory usage after after loading and cleaning run: 70402.44 MB
2024-10-20 07:37:48,959 - INFO - Loading run 3 from /lab_data/behrmannlab/vlad/hemispace/sub-084/ses-01/derivatives/fsl/loc/run-03/1stLevel.feat/filtered_func_data_reg.nii.gz
2024-10-20 07:37:49,325 - INFO - Functional image: shape=(176, 256, 256, 184), affine=
[[ 9.98191535e-01 -2.23936848e-02 -5.57595193e-02 -7.64593658e+01]
 [ 3.58945057e-02  9.66419578e-01  2.54449964e-01 -1.34799622e+02]
 [ 4.81889434e-02 -2.55991668e-01  9.65477109e-01 -7.69272232e+01]
 [ 0.00000000e+00  0.00000000e+00  0.00000000e+00  1.00000000e+00]]
2024-10-20 07:38:27,012 - INFO - Generated mask: shape=(176, 256, 256), affine=
[[ 9.98191535e-01 -2.23936848e-02 -5.57595193e-02 -7.64593658e+01]
 [ 3.58945057e-02  9.66419578e-01  2.54449964e-01 -1.34799622e+02]
 [ 4.81889434e-02 -2.55991668e-01  9.65477109e-01 -7.69272232e+01]
 [ 0.00000000e+00  0.00000000e+00  0.00000000e+00  1.00000000e+00]]
2024-10-20 07:39:24,295 - INFO - Cleaned data: shape=(176, 256, 256, 184), min=-12.400802612304688, max=12.356685638427734, mean=3.5994187994262337e-12
2024-10-20 07:39:24,343 - INFO - Memory usage after after loading and cleaning run: 70402.44 MB
2024-10-20 07:39:58,077 - INFO - Concatenated data shape: (176, 256, 256, 368)
2024-10-20 07:39:58,831 - INFO - Memory usage after after concatenating runs: 86594.44 MB
2024-10-20 07:44:11,934 - INFO - Creating Searchlight object for pIPS right...
2024-10-20 07:44:12,040 - INFO - Searchlight object created.
2024-10-20 07:44:12,040 - INFO - Distributing data...
2024-10-20 07:45:17,599 - INFO - Data distribution completed.
2024-10-20 07:45:17,619 - INFO - Broadcasting pIPS time series and psychological covariate...
2024-10-20 07:45:17,619 - INFO - Broadcasting completed.
2024-10-20 07:45:17,619 - INFO - Starting searchlight analysis...
2024-10-20 11:54:57,129 - INFO - Searchlight analysis completed.
2024-10-20 11:54:57,130 - INFO - Memory usage after after searchlight: 87459.31 MB
2024-10-20 11:54:59,017 - INFO - Saved searchlight result to /lab_data/behrmannlab/vlad/ptoc/sub-084/ses-01//derivatives/gca/searchlight_result_object_runs23_pIPS_right.nii.gz
2024-10-20 11:55:00,765 - INFO - Processing LO left for run combination [1, 2] for subject sub-084
2024-10-20 11:55:00,884 - INFO - Loading run 1 from /lab_data/behrmannlab/vlad/hemispace/sub-084/ses-01/derivatives/fsl/loc/run-01/1stLevel.feat/filtered_func_data_reg.nii.gz
2024-10-20 11:55:01,172 - INFO - Functional image: shape=(176, 256, 256, 184), affine=
[[ 9.98191535e-01 -2.23936848e-02 -5.57595193e-02 -7.64593658e+01]
 [ 3.58945057e-02  9.66419578e-01  2.54449964e-01 -1.34799622e+02]
 [ 4.81889434e-02 -2.55991668e-01  9.65477109e-01 -7.69272232e+01]
 [ 0.00000000e+00  0.00000000e+00  0.00000000e+00  1.00000000e+00]]
2024-10-20 11:55:37,579 - INFO - Generated mask: shape=(176, 256, 256), affine=
[[ 9.98191535e-01 -2.23936848e-02 -5.57595193e-02 -7.64593658e+01]
 [ 3.58945057e-02  9.66419578e-01  2.54449964e-01 -1.34799622e+02]
 [ 4.81889434e-02 -2.55991668e-01  9.65477109e-01 -7.69272232e+01]
 [ 0.00000000e+00  0.00000000e+00  0.00000000e+00  1.00000000e+00]]
2024-10-20 11:57:59,681 - INFO - Cleaned data: shape=(176, 256, 256, 184), min=-11.874370574951172, max=12.039669036865234, mean=-6.981554633525437e-13
2024-10-20 11:57:59,758 - INFO - Memory usage after after loading and cleaning run: 70398.29 MB
2024-10-20 11:58:00,600 - INFO - Loading run 2 from /lab_data/behrmannlab/vlad/hemispace/sub-084/ses-01/derivatives/fsl/loc/run-02/1stLevel.feat/filtered_func_data_reg.nii.gz
2024-10-20 11:58:00,768 - INFO - Functional image: shape=(176, 256, 256, 184), affine=
[[ 9.98191535e-01 -2.23936848e-02 -5.57595193e-02 -7.64593658e+01]
 [ 3.58945057e-02  9.66419578e-01  2.54449964e-01 -1.34799622e+02]
 [ 4.81889434e-02 -2.55991668e-01  9.65477109e-01 -7.69272232e+01]
 [ 0.00000000e+00  0.00000000e+00  0.00000000e+00  1.00000000e+00]]
2024-10-20 11:58:38,131 - INFO - Generated mask: shape=(176, 256, 256), affine=
[[ 9.98191535e-01 -2.23936848e-02 -5.57595193e-02 -7.64593658e+01]
 [ 3.58945057e-02  9.66419578e-01  2.54449964e-01 -1.34799622e+02]
 [ 4.81889434e-02 -2.55991668e-01  9.65477109e-01 -7.69272232e+01]
 [ 0.00000000e+00  0.00000000e+00  0.00000000e+00  1.00000000e+00]]
2024-10-20 11:59:34,629 - INFO - Cleaned data: shape=(176, 256, 256, 184), min=-12.014059066772461, max=11.677641868591309, mean=4.0620646257058623e-13
2024-10-20 11:59:34,685 - INFO - Memory usage after after loading and cleaning run: 70398.29 MB
2024-10-20 12:00:09,166 - INFO - Concatenated data shape: (176, 256, 256, 368)
2024-10-20 12:00:10,167 - INFO - Memory usage after after concatenating runs: 86590.29 MB
2024-10-20 12:04:28,353 - INFO - Creating Searchlight object for LO left...
2024-10-20 12:04:28,363 - INFO - Searchlight object created.
2024-10-20 12:04:28,363 - INFO - Distributing data...
2024-10-20 12:05:34,402 - INFO - Data distribution completed.
2024-10-20 12:05:34,412 - INFO - Broadcasting LO time series and psychological covariate...
2024-10-20 12:05:34,413 - INFO - Broadcasting completed.
2024-10-20 12:05:34,413 - INFO - Starting searchlight analysis...
2024-10-20 16:09:19,162 - INFO - Searchlight analysis completed.
2024-10-20 16:09:19,163 - INFO - Memory usage after after searchlight: 87376.28 MB
2024-10-20 16:09:21,552 - INFO - Saved searchlight result to /lab_data/behrmannlab/vlad/ptoc/sub-084/ses-01//derivatives/gca/searchlight_result_object_runs12_LO_left.nii.gz
2024-10-20 16:09:23,374 - INFO - Processing LO left for run combination [1, 3] for subject sub-084
2024-10-20 16:09:23,388 - INFO - Loading run 1 from /lab_data/behrmannlab/vlad/hemispace/sub-084/ses-01/derivatives/fsl/loc/run-01/1stLevel.feat/filtered_func_data_reg.nii.gz
2024-10-20 16:09:24,033 - INFO - Functional image: shape=(176, 256, 256, 184), affine=
[[ 9.98191535e-01 -2.23936848e-02 -5.57595193e-02 -7.64593658e+01]
 [ 3.58945057e-02  9.66419578e-01  2.54449964e-01 -1.34799622e+02]
 [ 4.81889434e-02 -2.55991668e-01  9.65477109e-01 -7.69272232e+01]
 [ 0.00000000e+00  0.00000000e+00  0.00000000e+00  1.00000000e+00]]
2024-10-20 16:09:59,875 - INFO - Generated mask: shape=(176, 256, 256), affine=
[[ 9.98191535e-01 -2.23936848e-02 -5.57595193e-02 -7.64593658e+01]
 [ 3.58945057e-02  9.66419578e-01  2.54449964e-01 -1.34799622e+02]
 [ 4.81889434e-02 -2.55991668e-01  9.65477109e-01 -7.69272232e+01]
 [ 0.00000000e+00  0.00000000e+00  0.00000000e+00  1.00000000e+00]]
2024-10-20 16:13:03,351 - INFO - Cleaned data: shape=(176, 256, 256, 184), min=-11.874370574951172, max=12.039669036865234, mean=-6.981554633525437e-13
2024-10-20 16:13:04,129 - INFO - Memory usage after after loading and cleaning run: 70329.08 MB
2024-10-20 16:13:04,899 - INFO - Loading run 3 from /lab_data/behrmannlab/vlad/hemispace/sub-084/ses-01/derivatives/fsl/loc/run-03/1stLevel.feat/filtered_func_data_reg.nii.gz
2024-10-20 16:13:05,330 - INFO - Functional image: shape=(176, 256, 256, 184), affine=
[[ 9.98191535e-01 -2.23936848e-02 -5.57595193e-02 -7.64593658e+01]
 [ 3.58945057e-02  9.66419578e-01  2.54449964e-01 -1.34799622e+02]
 [ 4.81889434e-02 -2.55991668e-01  9.65477109e-01 -7.69272232e+01]
 [ 0.00000000e+00  0.00000000e+00  0.00000000e+00  1.00000000e+00]]
2024-10-20 16:13:44,003 - INFO - Generated mask: shape=(176, 256, 256), affine=
[[ 9.98191535e-01 -2.23936848e-02 -5.57595193e-02 -7.64593658e+01]
 [ 3.58945057e-02  9.66419578e-01  2.54449964e-01 -1.34799622e+02]
 [ 4.81889434e-02 -2.55991668e-01  9.65477109e-01 -7.69272232e+01]
 [ 0.00000000e+00  0.00000000e+00  0.00000000e+00  1.00000000e+00]]
2024-10-20 16:14:45,271 - INFO - Cleaned data: shape=(176, 256, 256, 184), min=-12.400802612304688, max=12.356685638427734, mean=3.5994187994262337e-12
2024-10-20 16:14:45,324 - INFO - Memory usage after after loading and cleaning run: 70329.08 MB
2024-10-20 16:15:12,479 - INFO - Concatenated data shape: (176, 256, 256, 368)
2024-10-20 16:15:12,989 - INFO - Memory usage after after concatenating runs: 86521.08 MB
2024-10-20 16:19:20,816 - INFO - Creating Searchlight object for LO left...
2024-10-20 16:19:21,418 - INFO - Searchlight object created.
2024-10-20 16:19:21,418 - INFO - Distributing data...
2024-10-20 16:20:25,296 - INFO - Data distribution completed.
2024-10-20 16:20:25,297 - INFO - Broadcasting LO time series and psychological covariate...
2024-10-20 16:20:25,297 - INFO - Broadcasting completed.
2024-10-20 16:20:25,297 - INFO - Starting searchlight analysis...
2024-10-20 20:30:10,146 - INFO - Searchlight analysis completed.
2024-10-20 20:30:10,148 - INFO - Memory usage after after searchlight: 87463.47 MB
2024-10-20 20:30:12,666 - INFO - Saved searchlight result to /lab_data/behrmannlab/vlad/ptoc/sub-084/ses-01//derivatives/gca/searchlight_result_object_runs13_LO_left.nii.gz
2024-10-20 20:30:14,341 - INFO - Processing LO left for run combination [2, 3] for subject sub-084
2024-10-20 20:30:14,341 - INFO - Loading run 2 from /lab_data/behrmannlab/vlad/hemispace/sub-084/ses-01/derivatives/fsl/loc/run-02/1stLevel.feat/filtered_func_data_reg.nii.gz
2024-10-20 20:30:14,640 - INFO - Functional image: shape=(176, 256, 256, 184), affine=
[[ 9.98191535e-01 -2.23936848e-02 -5.57595193e-02 -7.64593658e+01]
 [ 3.58945057e-02  9.66419578e-01  2.54449964e-01 -1.34799622e+02]
 [ 4.81889434e-02 -2.55991668e-01  9.65477109e-01 -7.69272232e+01]
 [ 0.00000000e+00  0.00000000e+00  0.00000000e+00  1.00000000e+00]]
2024-10-20 20:30:52,796 - INFO - Generated mask: shape=(176, 256, 256), affine=
[[ 9.98191535e-01 -2.23936848e-02 -5.57595193e-02 -7.64593658e+01]
 [ 3.58945057e-02  9.66419578e-01  2.54449964e-01 -1.34799622e+02]
 [ 4.81889434e-02 -2.55991668e-01  9.65477109e-01 -7.69272232e+01]
 [ 0.00000000e+00  0.00000000e+00  0.00000000e+00  1.00000000e+00]]
2024-10-20 20:31:44,172 - INFO - Cleaned data: shape=(176, 256, 256, 184), min=-12.014059066772461, max=11.677641868591309, mean=4.0620646257058623e-13
2024-10-20 20:31:44,218 - INFO - Memory usage after after loading and cleaning run: 70402.20 MB
2024-10-20 20:31:45,332 - INFO - Loading run 3 from /lab_data/behrmannlab/vlad/hemispace/sub-084/ses-01/derivatives/fsl/loc/run-03/1stLevel.feat/filtered_func_data_reg.nii.gz
2024-10-20 20:31:45,554 - INFO - Functional image: shape=(176, 256, 256, 184), affine=
[[ 9.98191535e-01 -2.23936848e-02 -5.57595193e-02 -7.64593658e+01]
 [ 3.58945057e-02  9.66419578e-01  2.54449964e-01 -1.34799622e+02]
 [ 4.81889434e-02 -2.55991668e-01  9.65477109e-01 -7.69272232e+01]
 [ 0.00000000e+00  0.00000000e+00  0.00000000e+00  1.00000000e+00]]
2024-10-20 20:32:25,395 - INFO - Generated mask: shape=(176, 256, 256), affine=
[[ 9.98191535e-01 -2.23936848e-02 -5.57595193e-02 -7.64593658e+01]
 [ 3.58945057e-02  9.66419578e-01  2.54449964e-01 -1.34799622e+02]
 [ 4.81889434e-02 -2.55991668e-01  9.65477109e-01 -7.69272232e+01]
 [ 0.00000000e+00  0.00000000e+00  0.00000000e+00  1.00000000e+00]]
2024-10-20 20:33:27,355 - INFO - Cleaned data: shape=(176, 256, 256, 184), min=-12.400802612304688, max=12.356685638427734, mean=3.5994187994262337e-12
2024-10-20 20:33:27,410 - INFO - Memory usage after after loading and cleaning run: 70402.20 MB
2024-10-20 20:33:59,746 - INFO - Concatenated data shape: (176, 256, 256, 368)
2024-10-20 20:34:00,166 - INFO - Memory usage after after concatenating runs: 86594.20 MB
2024-10-20 20:38:03,392 - INFO - Creating Searchlight object for LO left...
2024-10-20 20:38:03,408 - INFO - Searchlight object created.
2024-10-20 20:38:03,408 - INFO - Distributing data...
2024-10-20 20:39:07,568 - INFO - Data distribution completed.
2024-10-20 20:39:07,571 - INFO - Broadcasting LO time series and psychological covariate...
2024-10-20 20:39:07,571 - INFO - Broadcasting completed.
2024-10-20 20:39:07,571 - INFO - Starting searchlight analysis...
2024-10-21 00:49:07,203 - INFO - Searchlight analysis completed.
2024-10-21 00:49:07,210 - INFO - Memory usage after after searchlight: 87479.09 MB
2024-10-21 00:49:10,154 - INFO - Saved searchlight result to /lab_data/behrmannlab/vlad/ptoc/sub-084/ses-01//derivatives/gca/searchlight_result_object_runs23_LO_left.nii.gz
2024-10-21 00:49:11,845 - INFO - Processing LO right for run combination [1, 2] for subject sub-084
2024-10-21 00:49:11,850 - INFO - Loading run 1 from /lab_data/behrmannlab/vlad/hemispace/sub-084/ses-01/derivatives/fsl/loc/run-01/1stLevel.feat/filtered_func_data_reg.nii.gz
2024-10-21 00:49:12,690 - INFO - Functional image: shape=(176, 256, 256, 184), affine=
[[ 9.98191535e-01 -2.23936848e-02 -5.57595193e-02 -7.64593658e+01]
 [ 3.58945057e-02  9.66419578e-01  2.54449964e-01 -1.34799622e+02]
 [ 4.81889434e-02 -2.55991668e-01  9.65477109e-01 -7.69272232e+01]
 [ 0.00000000e+00  0.00000000e+00  0.00000000e+00  1.00000000e+00]]
2024-10-21 00:49:48,651 - INFO - Generated mask: shape=(176, 256, 256), affine=
[[ 9.98191535e-01 -2.23936848e-02 -5.57595193e-02 -7.64593658e+01]
 [ 3.58945057e-02  9.66419578e-01  2.54449964e-01 -1.34799622e+02]
 [ 4.81889434e-02 -2.55991668e-01  9.65477109e-01 -7.69272232e+01]
 [ 0.00000000e+00  0.00000000e+00  0.00000000e+00  1.00000000e+00]]
2024-10-21 00:52:09,746 - INFO - Cleaned data: shape=(176, 256, 256, 184), min=-11.874370574951172, max=12.039669036865234, mean=-6.981554633525437e-13
2024-10-21 00:52:10,070 - INFO - Memory usage after after loading and cleaning run: 70418.35 MB
2024-10-21 00:52:11,227 - INFO - Loading run 2 from /lab_data/behrmannlab/vlad/hemispace/sub-084/ses-01/derivatives/fsl/loc/run-02/1stLevel.feat/filtered_func_data_reg.nii.gz
2024-10-21 00:52:11,360 - INFO - Functional image: shape=(176, 256, 256, 184), affine=
[[ 9.98191535e-01 -2.23936848e-02 -5.57595193e-02 -7.64593658e+01]
 [ 3.58945057e-02  9.66419578e-01  2.54449964e-01 -1.34799622e+02]
 [ 4.81889434e-02 -2.55991668e-01  9.65477109e-01 -7.69272232e+01]
 [ 0.00000000e+00  0.00000000e+00  0.00000000e+00  1.00000000e+00]]
2024-10-21 00:52:50,835 - INFO - Generated mask: shape=(176, 256, 256), affine=
[[ 9.98191535e-01 -2.23936848e-02 -5.57595193e-02 -7.64593658e+01]
 [ 3.58945057e-02  9.66419578e-01  2.54449964e-01 -1.34799622e+02]
 [ 4.81889434e-02 -2.55991668e-01  9.65477109e-01 -7.69272232e+01]
 [ 0.00000000e+00  0.00000000e+00  0.00000000e+00  1.00000000e+00]]
2024-10-21 00:53:52,677 - INFO - Cleaned data: shape=(176, 256, 256, 184), min=-12.014059066772461, max=11.677641868591309, mean=4.0620646257058623e-13
2024-10-21 00:53:52,745 - INFO - Memory usage after after loading and cleaning run: 70418.35 MB
2024-10-21 00:54:19,993 - INFO - Concatenated data shape: (176, 256, 256, 368)
2024-10-21 00:54:20,503 - INFO - Memory usage after after concatenating runs: 86610.35 MB
2024-10-21 00:58:31,034 - INFO - Creating Searchlight object for LO right...
2024-10-21 00:58:31,072 - INFO - Searchlight object created.
2024-10-21 00:58:31,072 - INFO - Distributing data...
2024-10-21 00:59:34,303 - INFO - Data distribution completed.
2024-10-21 00:59:34,313 - INFO - Broadcasting LO time series and psychological covariate...
2024-10-21 00:59:34,313 - INFO - Broadcasting completed.
2024-10-21 00:59:34,313 - INFO - Starting searchlight analysis...
2024-10-21 05:05:06,869 - INFO - Searchlight analysis completed.
2024-10-21 05:05:06,870 - INFO - Memory usage after after searchlight: 87465.81 MB
2024-10-21 05:05:09,631 - INFO - Saved searchlight result to /lab_data/behrmannlab/vlad/ptoc/sub-084/ses-01//derivatives/gca/searchlight_result_object_runs12_LO_right.nii.gz
2024-10-21 05:05:11,388 - INFO - Processing LO right for run combination [1, 3] for subject sub-084
2024-10-21 05:05:11,393 - INFO - Loading run 1 from /lab_data/behrmannlab/vlad/hemispace/sub-084/ses-01/derivatives/fsl/loc/run-01/1stLevel.feat/filtered_func_data_reg.nii.gz
2024-10-21 05:05:12,075 - INFO - Functional image: shape=(176, 256, 256, 184), affine=
[[ 9.98191535e-01 -2.23936848e-02 -5.57595193e-02 -7.64593658e+01]
 [ 3.58945057e-02  9.66419578e-01  2.54449964e-01 -1.34799622e+02]
 [ 4.81889434e-02 -2.55991668e-01  9.65477109e-01 -7.69272232e+01]
 [ 0.00000000e+00  0.00000000e+00  0.00000000e+00  1.00000000e+00]]
2024-10-21 05:05:48,074 - INFO - Generated mask: shape=(176, 256, 256), affine=
[[ 9.98191535e-01 -2.23936848e-02 -5.57595193e-02 -7.64593658e+01]
 [ 3.58945057e-02  9.66419578e-01  2.54449964e-01 -1.34799622e+02]
 [ 4.81889434e-02 -2.55991668e-01  9.65477109e-01 -7.69272232e+01]
 [ 0.00000000e+00  0.00000000e+00  0.00000000e+00  1.00000000e+00]]
2024-10-21 05:08:22,626 - INFO - Cleaned data: shape=(176, 256, 256, 184), min=-11.874370574951172, max=12.039669036865234, mean=-6.981554633525437e-13
2024-10-21 05:08:23,293 - INFO - Memory usage after after loading and cleaning run: 70418.61 MB
2024-10-21 05:08:24,425 - INFO - Loading run 3 from /lab_data/behrmannlab/vlad/hemispace/sub-084/ses-01/derivatives/fsl/loc/run-03/1stLevel.feat/filtered_func_data_reg.nii.gz
2024-10-21 05:08:25,011 - INFO - Functional image: shape=(176, 256, 256, 184), affine=
[[ 9.98191535e-01 -2.23936848e-02 -5.57595193e-02 -7.64593658e+01]
 [ 3.58945057e-02  9.66419578e-01  2.54449964e-01 -1.34799622e+02]
 [ 4.81889434e-02 -2.55991668e-01  9.65477109e-01 -7.69272232e+01]
 [ 0.00000000e+00  0.00000000e+00  0.00000000e+00  1.00000000e+00]]
2024-10-21 05:09:07,861 - INFO - Generated mask: shape=(176, 256, 256), affine=
[[ 9.98191535e-01 -2.23936848e-02 -5.57595193e-02 -7.64593658e+01]
 [ 3.58945057e-02  9.66419578e-01  2.54449964e-01 -1.34799622e+02]
 [ 4.81889434e-02 -2.55991668e-01  9.65477109e-01 -7.69272232e+01]
 [ 0.00000000e+00  0.00000000e+00  0.00000000e+00  1.00000000e+00]]
2024-10-21 05:10:12,764 - INFO - Cleaned data: shape=(176, 256, 256, 184), min=-12.400802612304688, max=12.356685638427734, mean=3.5994187994262337e-12
2024-10-21 05:10:12,946 - INFO - Memory usage after after loading and cleaning run: 70418.61 MB
2024-10-21 05:10:47,217 - INFO - Concatenated data shape: (176, 256, 256, 368)
2024-10-21 05:10:47,459 - INFO - Memory usage after after concatenating runs: 86610.61 MB
2024-10-21 05:15:13,138 - INFO - Creating Searchlight object for LO right...
2024-10-21 05:15:13,668 - INFO - Searchlight object created.
2024-10-21 05:15:13,669 - INFO - Distributing data...
2024-10-21 05:16:24,643 - INFO - Data distribution completed.
2024-10-21 05:16:24,647 - INFO - Broadcasting LO time series and psychological covariate...
2024-10-21 05:16:24,647 - INFO - Broadcasting completed.
2024-10-21 05:16:24,647 - INFO - Starting searchlight analysis...
2024-10-21 09:27:33,450 - INFO - Searchlight analysis completed.
2024-10-21 09:27:33,459 - INFO - Memory usage after after searchlight: 87479.38 MB
2024-10-21 09:27:36,513 - INFO - Saved searchlight result to /lab_data/behrmannlab/vlad/ptoc/sub-084/ses-01//derivatives/gca/searchlight_result_object_runs13_LO_right.nii.gz
2024-10-21 09:27:38,474 - INFO - Processing LO right for run combination [2, 3] for subject sub-084
2024-10-21 09:27:38,598 - INFO - Loading run 2 from /lab_data/behrmannlab/vlad/hemispace/sub-084/ses-01/derivatives/fsl/loc/run-02/1stLevel.feat/filtered_func_data_reg.nii.gz
2024-10-21 09:27:39,235 - INFO - Functional image: shape=(176, 256, 256, 184), affine=
[[ 9.98191535e-01 -2.23936848e-02 -5.57595193e-02 -7.64593658e+01]
 [ 3.58945057e-02  9.66419578e-01  2.54449964e-01 -1.34799622e+02]
 [ 4.81889434e-02 -2.55991668e-01  9.65477109e-01 -7.69272232e+01]
 [ 0.00000000e+00  0.00000000e+00  0.00000000e+00  1.00000000e+00]]
2024-10-21 09:28:16,387 - INFO - Generated mask: shape=(176, 256, 256), affine=
[[ 9.98191535e-01 -2.23936848e-02 -5.57595193e-02 -7.64593658e+01]
 [ 3.58945057e-02  9.66419578e-01  2.54449964e-01 -1.34799622e+02]
 [ 4.81889434e-02 -2.55991668e-01  9.65477109e-01 -7.69272232e+01]
 [ 0.00000000e+00  0.00000000e+00  0.00000000e+00  1.00000000e+00]]
2024-10-21 09:29:07,750 - INFO - Cleaned data: shape=(176, 256, 256, 184), min=-12.014059066772461, max=11.677641868591309, mean=4.0620646257058623e-13
2024-10-21 09:29:07,790 - INFO - Memory usage after after loading and cleaning run: 70418.61 MB
2024-10-21 09:29:08,938 - INFO - Loading run 3 from /lab_data/behrmannlab/vlad/hemispace/sub-084/ses-01/derivatives/fsl/loc/run-03/1stLevel.feat/filtered_func_data_reg.nii.gz
2024-10-21 09:29:09,256 - INFO - Functional image: shape=(176, 256, 256, 184), affine=
[[ 9.98191535e-01 -2.23936848e-02 -5.57595193e-02 -7.64593658e+01]
 [ 3.58945057e-02  9.66419578e-01  2.54449964e-01 -1.34799622e+02]
 [ 4.81889434e-02 -2.55991668e-01  9.65477109e-01 -7.69272232e+01]
 [ 0.00000000e+00  0.00000000e+00  0.00000000e+00  1.00000000e+00]]
2024-10-21 09:29:48,373 - INFO - Generated mask: shape=(176, 256, 256), affine=
[[ 9.98191535e-01 -2.23936848e-02 -5.57595193e-02 -7.64593658e+01]
 [ 3.58945057e-02  9.66419578e-01  2.54449964e-01 -1.34799622e+02]
 [ 4.81889434e-02 -2.55991668e-01  9.65477109e-01 -7.69272232e+01]
 [ 0.00000000e+00  0.00000000e+00  0.00000000e+00  1.00000000e+00]]
2024-10-21 09:30:49,034 - INFO - Cleaned data: shape=(176, 256, 256, 184), min=-12.400802612304688, max=12.356685638427734, mean=3.5994187994262337e-12
2024-10-21 09:30:49,103 - INFO - Memory usage after after loading and cleaning run: 70418.61 MB
2024-10-21 09:31:22,142 - INFO - Concatenated data shape: (176, 256, 256, 368)
2024-10-21 09:31:22,613 - INFO - Memory usage after after concatenating runs: 86610.61 MB
2024-10-21 09:35:30,089 - INFO - Creating Searchlight object for LO right...
2024-10-21 09:35:30,106 - INFO - Searchlight object created.
2024-10-21 09:35:30,106 - INFO - Distributing data...
2024-10-21 09:36:33,991 - INFO - Data distribution completed.
2024-10-21 09:36:34,024 - INFO - Broadcasting LO time series and psychological covariate...
2024-10-21 09:36:34,024 - INFO - Broadcasting completed.
2024-10-21 09:36:34,024 - INFO - Starting searchlight analysis...
