Traceback (most recent call last):
  File "<string>", line 2, in <module>
ModuleNotFoundError: No module named 'brainiak.utils.fmriroi'
/home/csimmon2/anaconda3/envs/brainiak_env/lib/python3.7/site-packages/nilearn/__init__.py:67: FutureWarning: Python 3.7 support is deprecated and will be removed in release 0.12 of Nilearn. Consider switching to Python 3.9 or 3.10.
  _python_deprecation_warnings()
2024-10-19 00:07:45,252 - INFO - Running searchlight analysis with GCA for Object...
2024-10-19 00:07:45,370 - INFO - Processing pIPS left for run combination [1, 2] for subject sub-067
2024-10-19 00:07:45,371 - INFO - Loading run 1 from /lab_data/behrmannlab/vlad/hemispace/sub-067/ses-01/derivatives/fsl/loc/run-01/1stLevel.feat/filtered_func_data_reg.nii.gz
2024-10-19 00:07:45,666 - INFO - Functional image: shape=(176, 256, 256, 184), affine=
[[ 9.99565065e-01  2.06858441e-02 -2.07659751e-02 -8.69608688e+01]
 [-1.66345555e-02  9.83677030e-01  1.79172575e-01 -1.38691101e+02]
 [ 2.41332203e-02 -1.78750157e-01  9.83598471e-01 -1.30320038e+02]
 [ 0.00000000e+00  0.00000000e+00  0.00000000e+00  1.00000000e+00]]
2024-10-19 00:08:18,394 - INFO - Generated mask: shape=(176, 256, 256), affine=
[[ 9.99565065e-01  2.06858441e-02 -2.07659751e-02 -8.69608688e+01]
 [-1.66345555e-02  9.83677030e-01  1.79172575e-01 -1.38691101e+02]
 [ 2.41332203e-02 -1.78750157e-01  9.83598471e-01 -1.30320038e+02]
 [ 0.00000000e+00  0.00000000e+00  0.00000000e+00  1.00000000e+00]]
2024-10-19 00:09:05,894 - INFO - Cleaned data: shape=(176, 256, 256, 184), min=-10.359602928161621, max=10.194645881652832, mean=-7.620672216072894e-13
2024-10-19 00:09:05,957 - INFO - Memory usage after after loading and cleaning run: 16400.43 MB
2024-10-19 00:09:05,957 - INFO - Loading run 2 from /lab_data/behrmannlab/vlad/hemispace/sub-067/ses-01/derivatives/fsl/loc/run-02/1stLevel.feat/filtered_func_data_reg.nii.gz
2024-10-19 00:09:06,188 - INFO - Functional image: shape=(176, 256, 256, 184), affine=
[[ 9.99565065e-01  2.06858441e-02 -2.07659751e-02 -8.69608688e+01]
 [-1.66345555e-02  9.83677030e-01  1.79172575e-01 -1.38691101e+02]
 [ 2.41332203e-02 -1.78750157e-01  9.83598471e-01 -1.30320038e+02]
 [ 0.00000000e+00  0.00000000e+00  0.00000000e+00  1.00000000e+00]]
2024-10-19 00:09:38,018 - INFO - Generated mask: shape=(176, 256, 256), affine=
[[ 9.99565065e-01  2.06858441e-02 -2.07659751e-02 -8.69608688e+01]
 [-1.66345555e-02  9.83677030e-01  1.79172575e-01 -1.38691101e+02]
 [ 2.41332203e-02 -1.78750157e-01  9.83598471e-01 -1.30320038e+02]
 [ 0.00000000e+00  0.00000000e+00  0.00000000e+00  1.00000000e+00]]
2024-10-19 00:10:25,548 - INFO - Cleaned data: shape=(176, 256, 256, 184), min=-10.462020874023438, max=11.68598461151123, mean=-1.093395229840611e-12
2024-10-19 00:10:25,612 - INFO - Memory usage after after loading and cleaning run: 32606.81 MB
2024-10-19 00:10:42,445 - INFO - Concatenated data shape: (176, 256, 256, 368)
2024-10-19 00:10:42,515 - INFO - Memory usage after after concatenating runs: 48799.95 MB
2024-10-19 00:14:21,944 - INFO - Creating Searchlight object for pIPS left...
2024-10-19 00:14:21,946 - INFO - Searchlight object created.
2024-10-19 00:14:21,947 - INFO - Distributing data...
2024-10-19 00:15:48,437 - INFO - Data distribution completed.
2024-10-19 00:15:48,438 - INFO - Broadcasting pIPS time series and psychological covariate...
2024-10-19 00:15:48,438 - INFO - Broadcasting completed.
2024-10-19 00:15:48,438 - INFO - Starting searchlight analysis...
2024-10-19 04:04:10,699 - INFO - Searchlight analysis completed.
2024-10-19 04:04:10,700 - INFO - Memory usage after after searchlight: 84457.20 MB
2024-10-19 04:04:12,807 - INFO - Saved searchlight result to /lab_data/behrmannlab/vlad/ptoc/sub-067/ses-01//derivatives/gca/searchlight_result_object_runs12_pIPS_left.nii.gz
2024-10-19 04:04:13,931 - INFO - Processing pIPS left for run combination [1, 3] for subject sub-067
2024-10-19 04:04:14,096 - INFO - Loading run 1 from /lab_data/behrmannlab/vlad/hemispace/sub-067/ses-01/derivatives/fsl/loc/run-01/1stLevel.feat/filtered_func_data_reg.nii.gz
2024-10-19 04:04:14,534 - INFO - Functional image: shape=(176, 256, 256, 184), affine=
[[ 9.99565065e-01  2.06858441e-02 -2.07659751e-02 -8.69608688e+01]
 [-1.66345555e-02  9.83677030e-01  1.79172575e-01 -1.38691101e+02]
 [ 2.41332203e-02 -1.78750157e-01  9.83598471e-01 -1.30320038e+02]
 [ 0.00000000e+00  0.00000000e+00  0.00000000e+00  1.00000000e+00]]
2024-10-19 04:04:55,580 - INFO - Generated mask: shape=(176, 256, 256), affine=
[[ 9.99565065e-01  2.06858441e-02 -2.07659751e-02 -8.69608688e+01]
 [-1.66345555e-02  9.83677030e-01  1.79172575e-01 -1.38691101e+02]
 [ 2.41332203e-02 -1.78750157e-01  9.83598471e-01 -1.30320038e+02]
 [ 0.00000000e+00  0.00000000e+00  0.00000000e+00  1.00000000e+00]]
2024-10-19 04:05:46,147 - INFO - Cleaned data: shape=(176, 256, 256, 184), min=-10.359602928161621, max=10.194645881652832, mean=-7.620672216072894e-13
2024-10-19 04:05:46,202 - INFO - Memory usage after after loading and cleaning run: 67415.39 MB
2024-10-19 04:05:46,247 - INFO - Loading run 3 from /lab_data/behrmannlab/vlad/hemispace/sub-067/ses-01/derivatives/fsl/loc/run-03/1stLevel.feat/filtered_func_data_reg.nii.gz
2024-10-19 04:05:46,776 - INFO - Functional image: shape=(176, 256, 256, 184), affine=
[[ 9.99565065e-01  2.06858441e-02 -2.07659751e-02 -8.69608688e+01]
 [-1.66345555e-02  9.83677030e-01  1.79172575e-01 -1.38691101e+02]
 [ 2.41332203e-02 -1.78750157e-01  9.83598471e-01 -1.30320038e+02]
 [ 0.00000000e+00  0.00000000e+00  0.00000000e+00  1.00000000e+00]]
2024-10-19 04:06:19,170 - INFO - Generated mask: shape=(176, 256, 256), affine=
[[ 9.99565065e-01  2.06858441e-02 -2.07659751e-02 -8.69608688e+01]
 [-1.66345555e-02  9.83677030e-01  1.79172575e-01 -1.38691101e+02]
 [ 2.41332203e-02 -1.78750157e-01  9.83598471e-01 -1.30320038e+02]
 [ 0.00000000e+00  0.00000000e+00  0.00000000e+00  1.00000000e+00]]
2024-10-19 04:07:10,099 - INFO - Cleaned data: shape=(176, 256, 256, 184), min=-12.488493919372559, max=12.251384735107422, mean=5.633347941067758e-13
2024-10-19 04:07:10,144 - INFO - Memory usage after after loading and cleaning run: 67327.39 MB
2024-10-19 04:07:33,783 - INFO - Concatenated data shape: (176, 256, 256, 368)
2024-10-19 04:07:33,866 - INFO - Memory usage after after concatenating runs: 83519.39 MB
2024-10-19 04:12:55,995 - INFO - Creating Searchlight object for pIPS left...
2024-10-19 04:12:56,747 - INFO - Searchlight object created.
2024-10-19 04:12:56,748 - INFO - Distributing data...
2024-10-19 04:14:27,153 - INFO - Data distribution completed.
2024-10-19 04:14:27,153 - INFO - Broadcasting pIPS time series and psychological covariate...
2024-10-19 04:14:27,153 - INFO - Broadcasting completed.
2024-10-19 04:14:27,153 - INFO - Starting searchlight analysis...
2024-10-19 08:06:54,088 - INFO - Searchlight analysis completed.
2024-10-19 08:06:54,091 - INFO - Memory usage after after searchlight: 84322.87 MB
2024-10-19 08:06:56,101 - INFO - Saved searchlight result to /lab_data/behrmannlab/vlad/ptoc/sub-067/ses-01//derivatives/gca/searchlight_result_object_runs13_pIPS_left.nii.gz
2024-10-19 08:06:57,821 - INFO - Processing pIPS left for run combination [2, 3] for subject sub-067
2024-10-19 08:06:57,824 - INFO - Loading run 2 from /lab_data/behrmannlab/vlad/hemispace/sub-067/ses-01/derivatives/fsl/loc/run-02/1stLevel.feat/filtered_func_data_reg.nii.gz
2024-10-19 08:06:58,228 - INFO - Functional image: shape=(176, 256, 256, 184), affine=
[[ 9.99565065e-01  2.06858441e-02 -2.07659751e-02 -8.69608688e+01]
 [-1.66345555e-02  9.83677030e-01  1.79172575e-01 -1.38691101e+02]
 [ 2.41332203e-02 -1.78750157e-01  9.83598471e-01 -1.30320038e+02]
 [ 0.00000000e+00  0.00000000e+00  0.00000000e+00  1.00000000e+00]]
2024-10-19 08:07:34,186 - INFO - Generated mask: shape=(176, 256, 256), affine=
[[ 9.99565065e-01  2.06858441e-02 -2.07659751e-02 -8.69608688e+01]
 [-1.66345555e-02  9.83677030e-01  1.79172575e-01 -1.38691101e+02]
 [ 2.41332203e-02 -1.78750157e-01  9.83598471e-01 -1.30320038e+02]
 [ 0.00000000e+00  0.00000000e+00  0.00000000e+00  1.00000000e+00]]
2024-10-19 08:08:29,770 - INFO - Cleaned data: shape=(176, 256, 256, 184), min=-10.462020874023438, max=11.68598461151123, mean=-1.093395229840611e-12
2024-10-19 08:08:29,816 - INFO - Memory usage after after loading and cleaning run: 67346.57 MB
2024-10-19 08:08:29,852 - INFO - Loading run 3 from /lab_data/behrmannlab/vlad/hemispace/sub-067/ses-01/derivatives/fsl/loc/run-03/1stLevel.feat/filtered_func_data_reg.nii.gz
2024-10-19 08:08:30,182 - INFO - Functional image: shape=(176, 256, 256, 184), affine=
[[ 9.99565065e-01  2.06858441e-02 -2.07659751e-02 -8.69608688e+01]
 [-1.66345555e-02  9.83677030e-01  1.79172575e-01 -1.38691101e+02]
 [ 2.41332203e-02 -1.78750157e-01  9.83598471e-01 -1.30320038e+02]
 [ 0.00000000e+00  0.00000000e+00  0.00000000e+00  1.00000000e+00]]
2024-10-19 08:09:03,703 - INFO - Generated mask: shape=(176, 256, 256), affine=
[[ 9.99565065e-01  2.06858441e-02 -2.07659751e-02 -8.69608688e+01]
 [-1.66345555e-02  9.83677030e-01  1.79172575e-01 -1.38691101e+02]
 [ 2.41332203e-02 -1.78750157e-01  9.83598471e-01 -1.30320038e+02]
 [ 0.00000000e+00  0.00000000e+00  0.00000000e+00  1.00000000e+00]]
2024-10-19 08:09:59,266 - INFO - Cleaned data: shape=(176, 256, 256, 184), min=-12.488493919372559, max=12.251384735107422, mean=5.633347941067758e-13
2024-10-19 08:09:59,311 - INFO - Memory usage after after loading and cleaning run: 67422.09 MB
2024-10-19 08:10:22,687 - INFO - Concatenated data shape: (176, 256, 256, 368)
2024-10-19 08:10:22,758 - INFO - Memory usage after after concatenating runs: 83614.09 MB
2024-10-19 08:15:00,140 - INFO - Creating Searchlight object for pIPS left...
2024-10-19 08:15:01,632 - INFO - Searchlight object created.
2024-10-19 08:15:01,632 - INFO - Distributing data...
2024-10-19 08:16:34,721 - INFO - Data distribution completed.
2024-10-19 08:16:34,738 - INFO - Broadcasting pIPS time series and psychological covariate...
2024-10-19 08:16:34,738 - INFO - Broadcasting completed.
2024-10-19 08:16:34,738 - INFO - Starting searchlight analysis...
2024-10-19 12:07:26,016 - INFO - Searchlight analysis completed.
2024-10-19 12:07:26,019 - INFO - Memory usage after after searchlight: 84492.70 MB
2024-10-19 12:07:28,019 - INFO - Saved searchlight result to /lab_data/behrmannlab/vlad/ptoc/sub-067/ses-01//derivatives/gca/searchlight_result_object_runs23_pIPS_left.nii.gz
2024-10-19 12:07:29,522 - INFO - Processing pIPS right for run combination [1, 2] for subject sub-067
2024-10-19 12:07:29,527 - INFO - Loading run 1 from /lab_data/behrmannlab/vlad/hemispace/sub-067/ses-01/derivatives/fsl/loc/run-01/1stLevel.feat/filtered_func_data_reg.nii.gz
2024-10-19 12:07:30,158 - INFO - Functional image: shape=(176, 256, 256, 184), affine=
[[ 9.99565065e-01  2.06858441e-02 -2.07659751e-02 -8.69608688e+01]
 [-1.66345555e-02  9.83677030e-01  1.79172575e-01 -1.38691101e+02]
 [ 2.41332203e-02 -1.78750157e-01  9.83598471e-01 -1.30320038e+02]
 [ 0.00000000e+00  0.00000000e+00  0.00000000e+00  1.00000000e+00]]
2024-10-19 12:08:03,704 - INFO - Generated mask: shape=(176, 256, 256), affine=
[[ 9.99565065e-01  2.06858441e-02 -2.07659751e-02 -8.69608688e+01]
 [-1.66345555e-02  9.83677030e-01  1.79172575e-01 -1.38691101e+02]
 [ 2.41332203e-02 -1.78750157e-01  9.83598471e-01 -1.30320038e+02]
 [ 0.00000000e+00  0.00000000e+00  0.00000000e+00  1.00000000e+00]]
2024-10-19 12:08:58,564 - INFO - Cleaned data: shape=(176, 256, 256, 184), min=-10.359602928161621, max=10.194645881652832, mean=-7.620672216072894e-13
2024-10-19 12:08:58,619 - INFO - Memory usage after after loading and cleaning run: 67449.44 MB
2024-10-19 12:08:58,655 - INFO - Loading run 2 from /lab_data/behrmannlab/vlad/hemispace/sub-067/ses-01/derivatives/fsl/loc/run-02/1stLevel.feat/filtered_func_data_reg.nii.gz
2024-10-19 12:08:58,844 - INFO - Functional image: shape=(176, 256, 256, 184), affine=
[[ 9.99565065e-01  2.06858441e-02 -2.07659751e-02 -8.69608688e+01]
 [-1.66345555e-02  9.83677030e-01  1.79172575e-01 -1.38691101e+02]
 [ 2.41332203e-02 -1.78750157e-01  9.83598471e-01 -1.30320038e+02]
 [ 0.00000000e+00  0.00000000e+00  0.00000000e+00  1.00000000e+00]]
2024-10-19 12:09:31,839 - INFO - Generated mask: shape=(176, 256, 256), affine=
[[ 9.99565065e-01  2.06858441e-02 -2.07659751e-02 -8.69608688e+01]
 [-1.66345555e-02  9.83677030e-01  1.79172575e-01 -1.38691101e+02]
 [ 2.41332203e-02 -1.78750157e-01  9.83598471e-01 -1.30320038e+02]
 [ 0.00000000e+00  0.00000000e+00  0.00000000e+00  1.00000000e+00]]
2024-10-19 12:10:26,308 - INFO - Cleaned data: shape=(176, 256, 256, 184), min=-10.462020874023438, max=11.68598461151123, mean=-1.093395229840611e-12
2024-10-19 12:10:26,360 - INFO - Memory usage after after loading and cleaning run: 67449.44 MB
2024-10-19 12:10:50,070 - INFO - Concatenated data shape: (176, 256, 256, 368)
2024-10-19 12:10:50,143 - INFO - Memory usage after after concatenating runs: 83641.44 MB
2024-10-19 12:15:27,829 - INFO - Creating Searchlight object for pIPS right...
2024-10-19 12:15:27,863 - INFO - Searchlight object created.
2024-10-19 12:15:27,864 - INFO - Distributing data...
2024-10-19 12:16:56,282 - INFO - Data distribution completed.
2024-10-19 12:16:56,291 - INFO - Broadcasting pIPS time series and psychological covariate...
2024-10-19 12:16:56,291 - INFO - Broadcasting completed.
2024-10-19 12:16:56,291 - INFO - Starting searchlight analysis...
2024-10-19 16:06:55,834 - INFO - Searchlight analysis completed.
2024-10-19 16:06:55,836 - INFO - Memory usage after after searchlight: 84523.85 MB
2024-10-19 16:06:58,226 - INFO - Saved searchlight result to /lab_data/behrmannlab/vlad/ptoc/sub-067/ses-01//derivatives/gca/searchlight_result_object_runs12_pIPS_right.nii.gz
2024-10-19 16:06:59,634 - INFO - Processing pIPS right for run combination [1, 3] for subject sub-067
2024-10-19 16:06:59,643 - INFO - Loading run 1 from /lab_data/behrmannlab/vlad/hemispace/sub-067/ses-01/derivatives/fsl/loc/run-01/1stLevel.feat/filtered_func_data_reg.nii.gz
2024-10-19 16:07:00,548 - INFO - Functional image: shape=(176, 256, 256, 184), affine=
[[ 9.99565065e-01  2.06858441e-02 -2.07659751e-02 -8.69608688e+01]
 [-1.66345555e-02  9.83677030e-01  1.79172575e-01 -1.38691101e+02]
 [ 2.41332203e-02 -1.78750157e-01  9.83598471e-01 -1.30320038e+02]
 [ 0.00000000e+00  0.00000000e+00  0.00000000e+00  1.00000000e+00]]
2024-10-19 16:07:40,035 - INFO - Generated mask: shape=(176, 256, 256), affine=
[[ 9.99565065e-01  2.06858441e-02 -2.07659751e-02 -8.69608688e+01]
 [-1.66345555e-02  9.83677030e-01  1.79172575e-01 -1.38691101e+02]
 [ 2.41332203e-02 -1.78750157e-01  9.83598471e-01 -1.30320038e+02]
 [ 0.00000000e+00  0.00000000e+00  0.00000000e+00  1.00000000e+00]]
2024-10-19 16:09:16,768 - INFO - Cleaned data: shape=(176, 256, 256, 184), min=-10.359602928161621, max=10.194645881652832, mean=-7.620672216072894e-13
2024-10-19 16:09:16,823 - INFO - Memory usage after after loading and cleaning run: 67480.51 MB
2024-10-19 16:09:16,864 - INFO - Loading run 3 from /lab_data/behrmannlab/vlad/hemispace/sub-067/ses-01/derivatives/fsl/loc/run-03/1stLevel.feat/filtered_func_data_reg.nii.gz
2024-10-19 16:09:17,228 - INFO - Functional image: shape=(176, 256, 256, 184), affine=
[[ 9.99565065e-01  2.06858441e-02 -2.07659751e-02 -8.69608688e+01]
 [-1.66345555e-02  9.83677030e-01  1.79172575e-01 -1.38691101e+02]
 [ 2.41332203e-02 -1.78750157e-01  9.83598471e-01 -1.30320038e+02]
 [ 0.00000000e+00  0.00000000e+00  0.00000000e+00  1.00000000e+00]]
2024-10-19 16:09:52,317 - INFO - Generated mask: shape=(176, 256, 256), affine=
[[ 9.99565065e-01  2.06858441e-02 -2.07659751e-02 -8.69608688e+01]
 [-1.66345555e-02  9.83677030e-01  1.79172575e-01 -1.38691101e+02]
 [ 2.41332203e-02 -1.78750157e-01  9.83598471e-01 -1.30320038e+02]
 [ 0.00000000e+00  0.00000000e+00  0.00000000e+00  1.00000000e+00]]
2024-10-19 16:11:20,211 - INFO - Cleaned data: shape=(176, 256, 256, 184), min=-12.488493919372559, max=12.251384735107422, mean=5.633347941067758e-13
2024-10-19 16:11:20,270 - INFO - Memory usage after after loading and cleaning run: 67480.51 MB
2024-10-19 16:11:48,808 - INFO - Concatenated data shape: (176, 256, 256, 368)
2024-10-19 16:11:49,535 - INFO - Memory usage after after concatenating runs: 83672.51 MB
2024-10-19 16:16:40,397 - INFO - Creating Searchlight object for pIPS right...
2024-10-19 16:16:40,413 - INFO - Searchlight object created.
2024-10-19 16:16:40,413 - INFO - Distributing data...
2024-10-19 16:18:06,327 - INFO - Data distribution completed.
2024-10-19 16:18:06,345 - INFO - Broadcasting pIPS time series and psychological covariate...
2024-10-19 16:18:06,345 - INFO - Broadcasting completed.
2024-10-19 16:18:06,345 - INFO - Starting searchlight analysis...
2024-10-19 20:08:27,817 - INFO - Searchlight analysis completed.
2024-10-19 20:08:27,820 - INFO - Memory usage after after searchlight: 84524.28 MB
2024-10-19 20:08:30,717 - INFO - Saved searchlight result to /lab_data/behrmannlab/vlad/ptoc/sub-067/ses-01//derivatives/gca/searchlight_result_object_runs13_pIPS_right.nii.gz
2024-10-19 20:08:32,487 - INFO - Processing pIPS right for run combination [2, 3] for subject sub-067
2024-10-19 20:08:32,567 - INFO - Loading run 2 from /lab_data/behrmannlab/vlad/hemispace/sub-067/ses-01/derivatives/fsl/loc/run-02/1stLevel.feat/filtered_func_data_reg.nii.gz
2024-10-19 20:08:33,481 - INFO - Functional image: shape=(176, 256, 256, 184), affine=
[[ 9.99565065e-01  2.06858441e-02 -2.07659751e-02 -8.69608688e+01]
 [-1.66345555e-02  9.83677030e-01  1.79172575e-01 -1.38691101e+02]
 [ 2.41332203e-02 -1.78750157e-01  9.83598471e-01 -1.30320038e+02]
 [ 0.00000000e+00  0.00000000e+00  0.00000000e+00  1.00000000e+00]]
2024-10-19 20:09:08,741 - INFO - Generated mask: shape=(176, 256, 256), affine=
[[ 9.99565065e-01  2.06858441e-02 -2.07659751e-02 -8.69608688e+01]
 [-1.66345555e-02  9.83677030e-01  1.79172575e-01 -1.38691101e+02]
 [ 2.41332203e-02 -1.78750157e-01  9.83598471e-01 -1.30320038e+02]
 [ 0.00000000e+00  0.00000000e+00  0.00000000e+00  1.00000000e+00]]
2024-10-19 20:10:42,871 - INFO - Cleaned data: shape=(176, 256, 256, 184), min=-10.462020874023438, max=11.68598461151123, mean=-1.093395229840611e-12
2024-10-19 20:10:42,942 - INFO - Memory usage after after loading and cleaning run: 67481.26 MB
2024-10-19 20:10:43,034 - INFO - Loading run 3 from /lab_data/behrmannlab/vlad/hemispace/sub-067/ses-01/derivatives/fsl/loc/run-03/1stLevel.feat/filtered_func_data_reg.nii.gz
2024-10-19 20:10:43,437 - INFO - Functional image: shape=(176, 256, 256, 184), affine=
[[ 9.99565065e-01  2.06858441e-02 -2.07659751e-02 -8.69608688e+01]
 [-1.66345555e-02  9.83677030e-01  1.79172575e-01 -1.38691101e+02]
 [ 2.41332203e-02 -1.78750157e-01  9.83598471e-01 -1.30320038e+02]
 [ 0.00000000e+00  0.00000000e+00  0.00000000e+00  1.00000000e+00]]
2024-10-19 20:11:16,964 - INFO - Generated mask: shape=(176, 256, 256), affine=
[[ 9.99565065e-01  2.06858441e-02 -2.07659751e-02 -8.69608688e+01]
 [-1.66345555e-02  9.83677030e-01  1.79172575e-01 -1.38691101e+02]
 [ 2.41332203e-02 -1.78750157e-01  9.83598471e-01 -1.30320038e+02]
 [ 0.00000000e+00  0.00000000e+00  0.00000000e+00  1.00000000e+00]]
2024-10-19 20:12:47,109 - INFO - Cleaned data: shape=(176, 256, 256, 184), min=-12.488493919372559, max=12.251384735107422, mean=5.633347941067758e-13
2024-10-19 20:12:47,154 - INFO - Memory usage after after loading and cleaning run: 67481.26 MB
2024-10-19 20:13:15,972 - INFO - Concatenated data shape: (176, 256, 256, 368)
2024-10-19 20:13:16,680 - INFO - Memory usage after after concatenating runs: 83673.26 MB
2024-10-19 20:18:05,713 - INFO - Creating Searchlight object for pIPS right...
2024-10-19 20:18:05,729 - INFO - Searchlight object created.
2024-10-19 20:18:05,730 - INFO - Distributing data...
2024-10-19 20:19:30,037 - INFO - Data distribution completed.
2024-10-19 20:19:30,040 - INFO - Broadcasting pIPS time series and psychological covariate...
2024-10-19 20:19:30,040 - INFO - Broadcasting completed.
2024-10-19 20:19:30,040 - INFO - Starting searchlight analysis...
2024-10-20 00:10:42,081 - INFO - Searchlight analysis completed.
2024-10-20 00:10:42,091 - INFO - Memory usage after after searchlight: 84525.39 MB
2024-10-20 00:10:44,688 - INFO - Saved searchlight result to /lab_data/behrmannlab/vlad/ptoc/sub-067/ses-01//derivatives/gca/searchlight_result_object_runs23_pIPS_right.nii.gz
2024-10-20 00:10:46,511 - INFO - Processing LO left for run combination [1, 2] for subject sub-067
2024-10-20 00:10:46,521 - INFO - Loading run 1 from /lab_data/behrmannlab/vlad/hemispace/sub-067/ses-01/derivatives/fsl/loc/run-01/1stLevel.feat/filtered_func_data_reg.nii.gz
2024-10-20 00:10:47,339 - INFO - Functional image: shape=(176, 256, 256, 184), affine=
[[ 9.99565065e-01  2.06858441e-02 -2.07659751e-02 -8.69608688e+01]
 [-1.66345555e-02  9.83677030e-01  1.79172575e-01 -1.38691101e+02]
 [ 2.41332203e-02 -1.78750157e-01  9.83598471e-01 -1.30320038e+02]
 [ 0.00000000e+00  0.00000000e+00  0.00000000e+00  1.00000000e+00]]
2024-10-20 00:11:22,664 - INFO - Generated mask: shape=(176, 256, 256), affine=
[[ 9.99565065e-01  2.06858441e-02 -2.07659751e-02 -8.69608688e+01]
 [-1.66345555e-02  9.83677030e-01  1.79172575e-01 -1.38691101e+02]
 [ 2.41332203e-02 -1.78750157e-01  9.83598471e-01 -1.30320038e+02]
 [ 0.00000000e+00  0.00000000e+00  0.00000000e+00  1.00000000e+00]]
2024-10-20 00:12:57,576 - INFO - Cleaned data: shape=(176, 256, 256, 184), min=-10.359602928161621, max=10.194645881652832, mean=-7.620672216072894e-13
2024-10-20 00:12:57,628 - INFO - Memory usage after after loading and cleaning run: 67482.37 MB
2024-10-20 00:12:57,763 - INFO - Loading run 2 from /lab_data/behrmannlab/vlad/hemispace/sub-067/ses-01/derivatives/fsl/loc/run-02/1stLevel.feat/filtered_func_data_reg.nii.gz
2024-10-20 00:12:58,091 - INFO - Functional image: shape=(176, 256, 256, 184), affine=
[[ 9.99565065e-01  2.06858441e-02 -2.07659751e-02 -8.69608688e+01]
 [-1.66345555e-02  9.83677030e-01  1.79172575e-01 -1.38691101e+02]
 [ 2.41332203e-02 -1.78750157e-01  9.83598471e-01 -1.30320038e+02]
 [ 0.00000000e+00  0.00000000e+00  0.00000000e+00  1.00000000e+00]]
2024-10-20 00:13:33,450 - INFO - Generated mask: shape=(176, 256, 256), affine=
[[ 9.99565065e-01  2.06858441e-02 -2.07659751e-02 -8.69608688e+01]
 [-1.66345555e-02  9.83677030e-01  1.79172575e-01 -1.38691101e+02]
 [ 2.41332203e-02 -1.78750157e-01  9.83598471e-01 -1.30320038e+02]
 [ 0.00000000e+00  0.00000000e+00  0.00000000e+00  1.00000000e+00]]
2024-10-20 00:15:02,431 - INFO - Cleaned data: shape=(176, 256, 256, 184), min=-10.462020874023438, max=11.68598461151123, mean=-1.093395229840611e-12
2024-10-20 00:15:02,491 - INFO - Memory usage after after loading and cleaning run: 67482.37 MB
2024-10-20 00:15:31,624 - INFO - Concatenated data shape: (176, 256, 256, 368)
2024-10-20 00:15:32,350 - INFO - Memory usage after after concatenating runs: 83674.37 MB
2024-10-20 00:20:26,703 - INFO - Creating Searchlight object for LO left...
2024-10-20 00:20:26,720 - INFO - Searchlight object created.
2024-10-20 00:20:26,720 - INFO - Distributing data...
2024-10-20 00:21:50,870 - INFO - Data distribution completed.
2024-10-20 00:21:50,874 - INFO - Broadcasting LO time series and psychological covariate...
2024-10-20 00:21:50,874 - INFO - Broadcasting completed.
2024-10-20 00:21:50,874 - INFO - Starting searchlight analysis...
2024-10-20 04:12:54,433 - INFO - Searchlight analysis completed.
2024-10-20 04:12:54,441 - INFO - Memory usage after after searchlight: 84524.14 MB
2024-10-20 04:12:57,430 - INFO - Saved searchlight result to /lab_data/behrmannlab/vlad/ptoc/sub-067/ses-01//derivatives/gca/searchlight_result_object_runs12_LO_left.nii.gz
2024-10-20 04:12:59,334 - INFO - Processing LO left for run combination [1, 3] for subject sub-067
2024-10-20 04:12:59,367 - INFO - Loading run 1 from /lab_data/behrmannlab/vlad/hemispace/sub-067/ses-01/derivatives/fsl/loc/run-01/1stLevel.feat/filtered_func_data_reg.nii.gz
2024-10-20 04:13:00,224 - INFO - Functional image: shape=(176, 256, 256, 184), affine=
[[ 9.99565065e-01  2.06858441e-02 -2.07659751e-02 -8.69608688e+01]
 [-1.66345555e-02  9.83677030e-01  1.79172575e-01 -1.38691101e+02]
 [ 2.41332203e-02 -1.78750157e-01  9.83598471e-01 -1.30320038e+02]
 [ 0.00000000e+00  0.00000000e+00  0.00000000e+00  1.00000000e+00]]
2024-10-20 04:13:35,658 - INFO - Generated mask: shape=(176, 256, 256), affine=
[[ 9.99565065e-01  2.06858441e-02 -2.07659751e-02 -8.69608688e+01]
 [-1.66345555e-02  9.83677030e-01  1.79172575e-01 -1.38691101e+02]
 [ 2.41332203e-02 -1.78750157e-01  9.83598471e-01 -1.30320038e+02]
 [ 0.00000000e+00  0.00000000e+00  0.00000000e+00  1.00000000e+00]]
2024-10-20 04:15:08,896 - INFO - Cleaned data: shape=(176, 256, 256, 184), min=-10.359602928161621, max=10.194645881652832, mean=-7.620672216072894e-13
2024-10-20 04:15:08,953 - INFO - Memory usage after after loading and cleaning run: 67481.29 MB
2024-10-20 04:15:09,197 - INFO - Loading run 3 from /lab_data/behrmannlab/vlad/hemispace/sub-067/ses-01/derivatives/fsl/loc/run-03/1stLevel.feat/filtered_func_data_reg.nii.gz
2024-10-20 04:15:09,721 - INFO - Functional image: shape=(176, 256, 256, 184), affine=
[[ 9.99565065e-01  2.06858441e-02 -2.07659751e-02 -8.69608688e+01]
 [-1.66345555e-02  9.83677030e-01  1.79172575e-01 -1.38691101e+02]
 [ 2.41332203e-02 -1.78750157e-01  9.83598471e-01 -1.30320038e+02]
 [ 0.00000000e+00  0.00000000e+00  0.00000000e+00  1.00000000e+00]]
2024-10-20 04:15:45,089 - INFO - Generated mask: shape=(176, 256, 256), affine=
[[ 9.99565065e-01  2.06858441e-02 -2.07659751e-02 -8.69608688e+01]
 [-1.66345555e-02  9.83677030e-01  1.79172575e-01 -1.38691101e+02]
 [ 2.41332203e-02 -1.78750157e-01  9.83598471e-01 -1.30320038e+02]
 [ 0.00000000e+00  0.00000000e+00  0.00000000e+00  1.00000000e+00]]
2024-10-20 04:17:14,765 - INFO - Cleaned data: shape=(176, 256, 256, 184), min=-12.488493919372559, max=12.251384735107422, mean=5.633347941067758e-13
2024-10-20 04:17:14,851 - INFO - Memory usage after after loading and cleaning run: 67481.29 MB
2024-10-20 04:17:43,415 - INFO - Concatenated data shape: (176, 256, 256, 368)
2024-10-20 04:17:44,112 - INFO - Memory usage after after concatenating runs: 83673.29 MB
2024-10-20 04:22:29,938 - INFO - Creating Searchlight object for LO left...
2024-10-20 04:22:29,961 - INFO - Searchlight object created.
2024-10-20 04:22:29,961 - INFO - Distributing data...
2024-10-20 04:23:51,806 - INFO - Data distribution completed.
2024-10-20 04:23:51,825 - INFO - Broadcasting LO time series and psychological covariate...
2024-10-20 04:23:51,825 - INFO - Broadcasting completed.
2024-10-20 04:23:51,826 - INFO - Starting searchlight analysis...
2024-10-20 08:12:34,020 - INFO - Searchlight analysis completed.
2024-10-20 08:12:34,024 - INFO - Memory usage after after searchlight: 84483.24 MB
2024-10-20 08:12:36,895 - INFO - Saved searchlight result to /lab_data/behrmannlab/vlad/ptoc/sub-067/ses-01//derivatives/gca/searchlight_result_object_runs13_LO_left.nii.gz
2024-10-20 08:12:38,576 - INFO - Processing LO left for run combination [2, 3] for subject sub-067
2024-10-20 08:12:38,602 - INFO - Loading run 2 from /lab_data/behrmannlab/vlad/hemispace/sub-067/ses-01/derivatives/fsl/loc/run-02/1stLevel.feat/filtered_func_data_reg.nii.gz
2024-10-20 08:12:39,445 - INFO - Functional image: shape=(176, 256, 256, 184), affine=
[[ 9.99565065e-01  2.06858441e-02 -2.07659751e-02 -8.69608688e+01]
 [-1.66345555e-02  9.83677030e-01  1.79172575e-01 -1.38691101e+02]
 [ 2.41332203e-02 -1.78750157e-01  9.83598471e-01 -1.30320038e+02]
 [ 0.00000000e+00  0.00000000e+00  0.00000000e+00  1.00000000e+00]]
2024-10-20 08:13:15,128 - INFO - Generated mask: shape=(176, 256, 256), affine=
[[ 9.99565065e-01  2.06858441e-02 -2.07659751e-02 -8.69608688e+01]
 [-1.66345555e-02  9.83677030e-01  1.79172575e-01 -1.38691101e+02]
 [ 2.41332203e-02 -1.78750157e-01  9.83598471e-01 -1.30320038e+02]
 [ 0.00000000e+00  0.00000000e+00  0.00000000e+00  1.00000000e+00]]
2024-10-20 08:14:47,878 - INFO - Cleaned data: shape=(176, 256, 256, 184), min=-10.462020874023438, max=11.68598461151123, mean=-1.093395229840611e-12
2024-10-20 08:14:47,953 - INFO - Memory usage after after loading and cleaning run: 67439.72 MB
2024-10-20 08:14:48,263 - INFO - Loading run 3 from /lab_data/behrmannlab/vlad/hemispace/sub-067/ses-01/derivatives/fsl/loc/run-03/1stLevel.feat/filtered_func_data_reg.nii.gz
2024-10-20 08:14:48,961 - INFO - Functional image: shape=(176, 256, 256, 184), affine=
[[ 9.99565065e-01  2.06858441e-02 -2.07659751e-02 -8.69608688e+01]
 [-1.66345555e-02  9.83677030e-01  1.79172575e-01 -1.38691101e+02]
 [ 2.41332203e-02 -1.78750157e-01  9.83598471e-01 -1.30320038e+02]
 [ 0.00000000e+00  0.00000000e+00  0.00000000e+00  1.00000000e+00]]
2024-10-20 08:15:23,693 - INFO - Generated mask: shape=(176, 256, 256), affine=
[[ 9.99565065e-01  2.06858441e-02 -2.07659751e-02 -8.69608688e+01]
 [-1.66345555e-02  9.83677030e-01  1.79172575e-01 -1.38691101e+02]
 [ 2.41332203e-02 -1.78750157e-01  9.83598471e-01 -1.30320038e+02]
 [ 0.00000000e+00  0.00000000e+00  0.00000000e+00  1.00000000e+00]]
2024-10-20 08:16:53,341 - INFO - Cleaned data: shape=(176, 256, 256, 184), min=-12.488493919372559, max=12.251384735107422, mean=5.633347941067758e-13
2024-10-20 08:16:53,395 - INFO - Memory usage after after loading and cleaning run: 67439.72 MB
2024-10-20 08:17:23,065 - INFO - Concatenated data shape: (176, 256, 256, 368)
2024-10-20 08:17:23,775 - INFO - Memory usage after after concatenating runs: 83631.72 MB
2024-10-20 08:22:13,901 - INFO - Creating Searchlight object for LO left...
2024-10-20 08:22:13,914 - INFO - Searchlight object created.
2024-10-20 08:22:13,914 - INFO - Distributing data...
2024-10-20 08:23:33,289 - INFO - Data distribution completed.
2024-10-20 08:23:33,290 - INFO - Broadcasting LO time series and psychological covariate...
2024-10-20 08:23:33,290 - INFO - Broadcasting completed.
2024-10-20 08:23:33,290 - INFO - Starting searchlight analysis...
2024-10-20 12:14:45,248 - INFO - Searchlight analysis completed.
2024-10-20 12:14:45,257 - INFO - Memory usage after after searchlight: 84498.64 MB
2024-10-20 12:14:47,222 - INFO - Saved searchlight result to /lab_data/behrmannlab/vlad/ptoc/sub-067/ses-01//derivatives/gca/searchlight_result_object_runs23_LO_left.nii.gz
2024-10-20 12:14:49,137 - INFO - Processing LO right for run combination [1, 2] for subject sub-067
2024-10-20 12:14:49,139 - INFO - Loading run 1 from /lab_data/behrmannlab/vlad/hemispace/sub-067/ses-01/derivatives/fsl/loc/run-01/1stLevel.feat/filtered_func_data_reg.nii.gz
2024-10-20 12:14:49,665 - INFO - Functional image: shape=(176, 256, 256, 184), affine=
[[ 9.99565065e-01  2.06858441e-02 -2.07659751e-02 -8.69608688e+01]
 [-1.66345555e-02  9.83677030e-01  1.79172575e-01 -1.38691101e+02]
 [ 2.41332203e-02 -1.78750157e-01  9.83598471e-01 -1.30320038e+02]
 [ 0.00000000e+00  0.00000000e+00  0.00000000e+00  1.00000000e+00]]
2024-10-20 12:15:24,604 - INFO - Generated mask: shape=(176, 256, 256), affine=
[[ 9.99565065e-01  2.06858441e-02 -2.07659751e-02 -8.69608688e+01]
 [-1.66345555e-02  9.83677030e-01  1.79172575e-01 -1.38691101e+02]
 [ 2.41332203e-02 -1.78750157e-01  9.83598471e-01 -1.30320038e+02]
 [ 0.00000000e+00  0.00000000e+00  0.00000000e+00  1.00000000e+00]]
2024-10-20 12:16:49,009 - INFO - Cleaned data: shape=(176, 256, 256, 184), min=-10.359602928161621, max=10.194645881652832, mean=-7.620672216072894e-13
2024-10-20 12:16:49,055 - INFO - Memory usage after after loading and cleaning run: 67455.62 MB
2024-10-20 12:16:49,341 - INFO - Loading run 2 from /lab_data/behrmannlab/vlad/hemispace/sub-067/ses-01/derivatives/fsl/loc/run-02/1stLevel.feat/filtered_func_data_reg.nii.gz
2024-10-20 12:16:49,548 - INFO - Functional image: shape=(176, 256, 256, 184), affine=
[[ 9.99565065e-01  2.06858441e-02 -2.07659751e-02 -8.69608688e+01]
 [-1.66345555e-02  9.83677030e-01  1.79172575e-01 -1.38691101e+02]
 [ 2.41332203e-02 -1.78750157e-01  9.83598471e-01 -1.30320038e+02]
 [ 0.00000000e+00  0.00000000e+00  0.00000000e+00  1.00000000e+00]]
2024-10-20 12:17:23,011 - INFO - Generated mask: shape=(176, 256, 256), affine=
[[ 9.99565065e-01  2.06858441e-02 -2.07659751e-02 -8.69608688e+01]
 [-1.66345555e-02  9.83677030e-01  1.79172575e-01 -1.38691101e+02]
 [ 2.41332203e-02 -1.78750157e-01  9.83598471e-01 -1.30320038e+02]
 [ 0.00000000e+00  0.00000000e+00  0.00000000e+00  1.00000000e+00]]
2024-10-20 12:18:45,816 - INFO - Cleaned data: shape=(176, 256, 256, 184), min=-10.462020874023438, max=11.68598461151123, mean=-1.093395229840611e-12
2024-10-20 12:18:45,863 - INFO - Memory usage after after loading and cleaning run: 67455.62 MB
2024-10-20 12:19:16,250 - INFO - Concatenated data shape: (176, 256, 256, 368)
2024-10-20 12:19:17,004 - INFO - Memory usage after after concatenating runs: 83647.62 MB
2024-10-20 12:24:07,500 - INFO - Creating Searchlight object for LO right...
2024-10-20 12:24:07,517 - INFO - Searchlight object created.
2024-10-20 12:24:07,517 - INFO - Distributing data...
2024-10-20 12:25:26,838 - INFO - Data distribution completed.
2024-10-20 12:25:26,839 - INFO - Broadcasting LO time series and psychological covariate...
2024-10-20 12:25:26,839 - INFO - Broadcasting completed.
2024-10-20 12:25:26,839 - INFO - Starting searchlight analysis...
2024-10-20 16:17:21,024 - INFO - Searchlight analysis completed.
2024-10-20 16:17:21,033 - INFO - Memory usage after after searchlight: 84536.24 MB
2024-10-20 16:17:23,071 - INFO - Saved searchlight result to /lab_data/behrmannlab/vlad/ptoc/sub-067/ses-01//derivatives/gca/searchlight_result_object_runs12_LO_right.nii.gz
2024-10-20 16:17:25,123 - INFO - Processing LO right for run combination [1, 3] for subject sub-067
2024-10-20 16:17:25,133 - INFO - Loading run 1 from /lab_data/behrmannlab/vlad/hemispace/sub-067/ses-01/derivatives/fsl/loc/run-01/1stLevel.feat/filtered_func_data_reg.nii.gz
2024-10-20 16:17:25,423 - INFO - Functional image: shape=(176, 256, 256, 184), affine=
[[ 9.99565065e-01  2.06858441e-02 -2.07659751e-02 -8.69608688e+01]
 [-1.66345555e-02  9.83677030e-01  1.79172575e-01 -1.38691101e+02]
 [ 2.41332203e-02 -1.78750157e-01  9.83598471e-01 -1.30320038e+02]
 [ 0.00000000e+00  0.00000000e+00  0.00000000e+00  1.00000000e+00]]
2024-10-20 16:18:00,047 - INFO - Generated mask: shape=(176, 256, 256), affine=
[[ 9.99565065e-01  2.06858441e-02 -2.07659751e-02 -8.69608688e+01]
 [-1.66345555e-02  9.83677030e-01  1.79172575e-01 -1.38691101e+02]
 [ 2.41332203e-02 -1.78750157e-01  9.83598471e-01 -1.30320038e+02]
 [ 0.00000000e+00  0.00000000e+00  0.00000000e+00  1.00000000e+00]]
2024-10-20 16:19:16,634 - INFO - Cleaned data: shape=(176, 256, 256, 184), min=-10.359602928161621, max=10.194645881652832, mean=-7.620672216072894e-13
2024-10-20 16:19:16,681 - INFO - Memory usage after after loading and cleaning run: 67493.14 MB
2024-10-20 16:19:17,025 - INFO - Loading run 3 from /lab_data/behrmannlab/vlad/hemispace/sub-067/ses-01/derivatives/fsl/loc/run-03/1stLevel.feat/filtered_func_data_reg.nii.gz
2024-10-20 16:19:17,465 - INFO - Functional image: shape=(176, 256, 256, 184), affine=
[[ 9.99565065e-01  2.06858441e-02 -2.07659751e-02 -8.69608688e+01]
 [-1.66345555e-02  9.83677030e-01  1.79172575e-01 -1.38691101e+02]
 [ 2.41332203e-02 -1.78750157e-01  9.83598471e-01 -1.30320038e+02]
 [ 0.00000000e+00  0.00000000e+00  0.00000000e+00  1.00000000e+00]]
2024-10-20 16:19:51,805 - INFO - Generated mask: shape=(176, 256, 256), affine=
[[ 9.99565065e-01  2.06858441e-02 -2.07659751e-02 -8.69608688e+01]
 [-1.66345555e-02  9.83677030e-01  1.79172575e-01 -1.38691101e+02]
 [ 2.41332203e-02 -1.78750157e-01  9.83598471e-01 -1.30320038e+02]
 [ 0.00000000e+00  0.00000000e+00  0.00000000e+00  1.00000000e+00]]
2024-10-20 16:21:06,902 - INFO - Cleaned data: shape=(176, 256, 256, 184), min=-12.488493919372559, max=12.251384735107422, mean=5.633347941067758e-13
2024-10-20 16:21:06,948 - INFO - Memory usage after after loading and cleaning run: 67493.14 MB
2024-10-20 16:21:35,628 - INFO - Concatenated data shape: (176, 256, 256, 368)
2024-10-20 16:21:36,372 - INFO - Memory usage after after concatenating runs: 83685.14 MB
2024-10-20 16:26:22,600 - INFO - Creating Searchlight object for LO right...
2024-10-20 16:26:22,623 - INFO - Searchlight object created.
2024-10-20 16:26:22,623 - INFO - Distributing data...
2024-10-20 16:27:44,283 - INFO - Data distribution completed.
2024-10-20 16:27:44,288 - INFO - Broadcasting LO time series and psychological covariate...
2024-10-20 16:27:44,289 - INFO - Broadcasting completed.
2024-10-20 16:27:44,289 - INFO - Starting searchlight analysis...
2024-10-20 20:16:37,062 - INFO - Searchlight analysis completed.
2024-10-20 20:16:37,064 - INFO - Memory usage after after searchlight: 84505.34 MB
2024-10-20 20:16:38,923 - INFO - Saved searchlight result to /lab_data/behrmannlab/vlad/ptoc/sub-067/ses-01//derivatives/gca/searchlight_result_object_runs13_LO_right.nii.gz
2024-10-20 20:16:40,510 - INFO - Processing LO right for run combination [2, 3] for subject sub-067
2024-10-20 20:16:40,512 - INFO - Loading run 2 from /lab_data/behrmannlab/vlad/hemispace/sub-067/ses-01/derivatives/fsl/loc/run-02/1stLevel.feat/filtered_func_data_reg.nii.gz
2024-10-20 20:16:40,756 - INFO - Functional image: shape=(176, 256, 256, 184), affine=
[[ 9.99565065e-01  2.06858441e-02 -2.07659751e-02 -8.69608688e+01]
 [-1.66345555e-02  9.83677030e-01  1.79172575e-01 -1.38691101e+02]
 [ 2.41332203e-02 -1.78750157e-01  9.83598471e-01 -1.30320038e+02]
 [ 0.00000000e+00  0.00000000e+00  0.00000000e+00  1.00000000e+00]]
2024-10-20 20:17:14,861 - INFO - Generated mask: shape=(176, 256, 256), affine=
[[ 9.99565065e-01  2.06858441e-02 -2.07659751e-02 -8.69608688e+01]
 [-1.66345555e-02  9.83677030e-01  1.79172575e-01 -1.38691101e+02]
 [ 2.41332203e-02 -1.78750157e-01  9.83598471e-01 -1.30320038e+02]
 [ 0.00000000e+00  0.00000000e+00  0.00000000e+00  1.00000000e+00]]
2024-10-20 20:18:23,349 - INFO - Cleaned data: shape=(176, 256, 256, 184), min=-10.462020874023438, max=11.68598461151123, mean=-1.093395229840611e-12
2024-10-20 20:18:23,400 - INFO - Memory usage after after loading and cleaning run: 67462.32 MB
2024-10-20 20:18:23,951 - INFO - Loading run 3 from /lab_data/behrmannlab/vlad/hemispace/sub-067/ses-01/derivatives/fsl/loc/run-03/1stLevel.feat/filtered_func_data_reg.nii.gz
2024-10-20 20:18:24,471 - INFO - Functional image: shape=(176, 256, 256, 184), affine=
[[ 9.99565065e-01  2.06858441e-02 -2.07659751e-02 -8.69608688e+01]
 [-1.66345555e-02  9.83677030e-01  1.79172575e-01 -1.38691101e+02]
 [ 2.41332203e-02 -1.78750157e-01  9.83598471e-01 -1.30320038e+02]
 [ 0.00000000e+00  0.00000000e+00  0.00000000e+00  1.00000000e+00]]
2024-10-20 20:18:57,433 - INFO - Generated mask: shape=(176, 256, 256), affine=
[[ 9.99565065e-01  2.06858441e-02 -2.07659751e-02 -8.69608688e+01]
 [-1.66345555e-02  9.83677030e-01  1.79172575e-01 -1.38691101e+02]
 [ 2.41332203e-02 -1.78750157e-01  9.83598471e-01 -1.30320038e+02]
 [ 0.00000000e+00  0.00000000e+00  0.00000000e+00  1.00000000e+00]]
2024-10-20 20:20:06,077 - INFO - Cleaned data: shape=(176, 256, 256, 184), min=-12.488493919372559, max=12.251384735107422, mean=5.633347941067758e-13
2024-10-20 20:20:06,122 - INFO - Memory usage after after loading and cleaning run: 67462.32 MB
2024-10-20 20:20:37,338 - INFO - Concatenated data shape: (176, 256, 256, 368)
2024-10-20 20:20:38,110 - INFO - Memory usage after after concatenating runs: 83654.32 MB
2024-10-20 20:25:34,339 - INFO - Creating Searchlight object for LO right...
2024-10-20 20:25:34,983 - INFO - Searchlight object created.
2024-10-20 20:25:34,983 - INFO - Distributing data...
2024-10-20 20:27:00,153 - INFO - Data distribution completed.
2024-10-20 20:27:00,154 - INFO - Broadcasting LO time series and psychological covariate...
2024-10-20 20:27:00,154 - INFO - Broadcasting completed.
2024-10-20 20:27:00,154 - INFO - Starting searchlight analysis...
