Traceback (most recent call last):
  File "<string>", line 2, in <module>
ModuleNotFoundError: No module named 'brainiak.utils.fmriroi'
/home/csimmon2/anaconda3/envs/brainiak_env/lib/python3.7/site-packages/nilearn/__init__.py:67: FutureWarning: Python 3.7 support is deprecated and will be removed in release 0.12 of Nilearn. Consider switching to Python 3.9 or 3.10.
  _python_deprecation_warnings()
2024-12-18 22:12:04,149 - INFO - Running searchlight analysis with GCA for Tool localizer...
2024-12-18 22:12:04,203 - INFO - Memory usage after start of ROI/hemi iteration: 142.67 MB
2024-12-18 22:12:04,235 - INFO - Memory usage after start of run combination: 142.67 MB
2024-12-18 22:12:04,235 - INFO - Processing pIPS left for run combination [1, 2] for subject sub-spaceloc1008
2024-12-18 22:12:04,288 - INFO - Output file /lab_data/behrmannlab/vlad/ptoc/sub-spaceloc1008/ses-01//derivatives/gca/searchlight_result_tool_runs12_pIPS_left_1217.nii.gz already exists. Skipping this run.
2024-12-18 22:12:04,320 - INFO - Memory usage after start of run combination: 142.67 MB
2024-12-18 22:12:04,320 - INFO - Processing pIPS left for run combination [2, 1] for subject sub-spaceloc1008
2024-12-18 22:12:04,320 - INFO - Output file /lab_data/behrmannlab/vlad/ptoc/sub-spaceloc1008/ses-01//derivatives/gca/searchlight_result_tool_runs21_pIPS_left_1217.nii.gz already exists. Skipping this run.
2024-12-18 22:12:04,351 - INFO - Memory usage after start of ROI/hemi iteration: 142.67 MB
2024-12-18 22:12:04,380 - INFO - Memory usage after start of run combination: 142.67 MB
2024-12-18 22:12:04,380 - INFO - Processing pIPS right for run combination [1, 2] for subject sub-spaceloc1008
2024-12-18 22:12:04,381 - INFO - Output file /lab_data/behrmannlab/vlad/ptoc/sub-spaceloc1008/ses-01//derivatives/gca/searchlight_result_tool_runs12_pIPS_right_1217.nii.gz already exists. Skipping this run.
2024-12-18 22:12:04,410 - INFO - Memory usage after start of run combination: 142.67 MB
2024-12-18 22:12:04,410 - INFO - Processing pIPS right for run combination [2, 1] for subject sub-spaceloc1008
2024-12-18 22:12:04,668 - INFO - Functional image: shape=(208, 240, 256, 341), affine=
[[ 9.99923706e-01 -1.20523302e-02  1.02082896e-03 -1.01242714e+02]
 [ 1.17004784e-02  9.85215247e-01  1.70921028e-01 -1.15959427e+02]
 [-3.06572323e-03 -1.70896590e-01  9.85284209e-01 -1.26960068e+02]
 [ 0.00000000e+00  0.00000000e+00  0.00000000e+00  1.00000000e+00]]
2024-12-18 22:13:41,007 - INFO - Generated mask: shape=(208, 240, 256), affine=
[[ 9.99923706e-01 -1.20523302e-02  1.02082896e-03 -1.01242714e+02]
 [ 1.17004784e-02  9.85215247e-01  1.70921028e-01 -1.15959427e+02]
 [-3.06572323e-03 -1.70896590e-01  9.85284209e-01 -1.26960068e+02]
 [ 0.00000000e+00  0.00000000e+00  0.00000000e+00  1.00000000e+00]]
2024-12-18 22:15:57,580 - INFO - Cleaned data: shape=(208, 240, 256, 341), min=-17.018646240234375, max=17.53875160217285, mean=-6.728187615454003e-14
2024-12-18 22:15:57,710 - INFO - Memory usage after after loading and cleaning run: 33462.84 MB
2024-12-18 22:15:57,710 - INFO - Memory usage after after loading analysis run: 33462.84 MB
2024-12-18 22:20:41,720 - INFO - Memory usage after after ROI extraction: 33465.35 MB
2024-12-18 22:20:41,720 - INFO - Creating Searchlight object for pIPS right...
2024-12-18 22:20:41,723 - INFO - Searchlight object created.
2024-12-18 22:20:41,723 - INFO - Distributing data...
2024-12-18 22:22:20,027 - INFO - Memory usage after after data distribution: 36709.19 MB
2024-12-18 22:22:20,027 - INFO - Broadcasting pIPS time series and psychological covariate...
2024-12-18 22:22:20,027 - INFO - Broadcasting completed.
2024-12-18 22:22:20,027 - INFO - Starting searchlight analysis...
2024-12-19 04:00:31,401 - INFO - Searchlight analysis completed.
2024-12-19 04:00:31,402 - INFO - Memory usage after after searchlight: 37654.18 MB
2024-12-19 04:00:33,682 - INFO - Saved searchlight result to /lab_data/behrmannlab/vlad/ptoc/sub-spaceloc1008/ses-01//derivatives/gca/searchlight_result_tool_runs21_pIPS_right_1217.nii.gz
2024-12-19 04:00:34,272 - INFO - Memory usage after after cleanup: 21032.54 MB
2024-12-19 04:00:34,305 - INFO - Memory usage after start of ROI/hemi iteration: 21032.54 MB
2024-12-19 04:00:34,335 - INFO - Memory usage after start of run combination: 21032.54 MB
2024-12-19 04:00:34,335 - INFO - Processing LO left for run combination [1, 2] for subject sub-spaceloc1008
2024-12-19 04:00:34,665 - INFO - Functional image: shape=(208, 240, 256, 341), affine=
[[ 9.99923706e-01 -1.20523302e-02  1.02082896e-03 -1.01242714e+02]
 [ 1.17004784e-02  9.85215247e-01  1.70921028e-01 -1.15959427e+02]
 [-3.06572323e-03 -1.70896590e-01  9.85284209e-01 -1.26960068e+02]
 [ 0.00000000e+00  0.00000000e+00  0.00000000e+00  1.00000000e+00]]
2024-12-19 04:02:09,321 - INFO - Generated mask: shape=(208, 240, 256), affine=
[[ 9.99923706e-01 -1.20523302e-02  1.02082896e-03 -1.01242714e+02]
 [ 1.17004784e-02  9.85215247e-01  1.70921028e-01 -1.15959427e+02]
 [-3.06572323e-03 -1.70896590e-01  9.85284209e-01 -1.26960068e+02]
 [ 0.00000000e+00  0.00000000e+00  0.00000000e+00  1.00000000e+00]]
2024-12-19 04:04:25,333 - INFO - Cleaned data: shape=(208, 240, 256, 341), min=-14.800284385681152, max=17.15250587463379, mean=-1.076383059515136e-12
2024-12-19 04:04:25,398 - INFO - Memory usage after after loading and cleaning run: 54281.99 MB
2024-12-19 04:04:25,398 - INFO - Memory usage after after loading analysis run: 54281.99 MB
2024-12-19 04:09:24,674 - INFO - Memory usage after after ROI extraction: 54282.24 MB
2024-12-19 04:09:24,675 - INFO - Creating Searchlight object for LO left...
2024-12-19 04:09:24,677 - INFO - Searchlight object created.
2024-12-19 04:09:24,677 - INFO - Distributing data...
2024-12-19 04:10:52,304 - INFO - Memory usage after after data distribution: 36409.61 MB
2024-12-19 04:10:52,304 - INFO - Broadcasting LO time series and psychological covariate...
2024-12-19 04:10:52,305 - INFO - Broadcasting completed.
2024-12-19 04:10:52,305 - INFO - Starting searchlight analysis...
2024-12-19 09:44:06,881 - INFO - Searchlight analysis completed.
2024-12-19 09:44:06,882 - INFO - Memory usage after after searchlight: 37339.97 MB
2024-12-19 09:44:09,202 - INFO - Saved searchlight result to /lab_data/behrmannlab/vlad/ptoc/sub-spaceloc1008/ses-01//derivatives/gca/searchlight_result_tool_runs12_LO_left_1217.nii.gz
2024-12-19 09:44:09,790 - INFO - Memory usage after after cleanup: 20989.36 MB
2024-12-19 09:44:09,823 - INFO - Memory usage after start of run combination: 20989.36 MB
2024-12-19 09:44:09,823 - INFO - Processing LO left for run combination [2, 1] for subject sub-spaceloc1008
2024-12-19 09:44:10,103 - INFO - Functional image: shape=(208, 240, 256, 341), affine=
[[ 9.99923706e-01 -1.20523302e-02  1.02082896e-03 -1.01242714e+02]
 [ 1.17004784e-02  9.85215247e-01  1.70921028e-01 -1.15959427e+02]
 [-3.06572323e-03 -1.70896590e-01  9.85284209e-01 -1.26960068e+02]
 [ 0.00000000e+00  0.00000000e+00  0.00000000e+00  1.00000000e+00]]
2024-12-19 09:45:48,585 - INFO - Generated mask: shape=(208, 240, 256), affine=
[[ 9.99923706e-01 -1.20523302e-02  1.02082896e-03 -1.01242714e+02]
 [ 1.17004784e-02  9.85215247e-01  1.70921028e-01 -1.15959427e+02]
 [-3.06572323e-03 -1.70896590e-01  9.85284209e-01 -1.26960068e+02]
 [ 0.00000000e+00  0.00000000e+00  0.00000000e+00  1.00000000e+00]]
2024-12-19 09:48:06,314 - INFO - Cleaned data: shape=(208, 240, 256, 341), min=-17.018646240234375, max=17.53875160217285, mean=-6.728187615454003e-14
2024-12-19 09:48:06,455 - INFO - Memory usage after after loading and cleaning run: 54236.87 MB
2024-12-19 09:48:06,455 - INFO - Memory usage after after loading analysis run: 54236.87 MB
2024-12-19 09:53:21,000 - INFO - Memory usage after after ROI extraction: 54237.12 MB
2024-12-19 09:53:21,018 - INFO - Creating Searchlight object for LO left...
2024-12-19 09:53:21,020 - INFO - Searchlight object created.
2024-12-19 09:53:21,020 - INFO - Distributing data...
2024-12-19 09:54:50,677 - INFO - Memory usage after after data distribution: 36716.45 MB
2024-12-19 09:54:50,678 - INFO - Broadcasting LO time series and psychological covariate...
2024-12-19 09:54:50,678 - INFO - Broadcasting completed.
2024-12-19 09:54:50,678 - INFO - Starting searchlight analysis...
