Traceback (most recent call last):
  File "<string>", line 2, in <module>
ModuleNotFoundError: No module named 'brainiak.utils.fmriroi'
/home/csimmon2/anaconda3/envs/brainiak_env/lib/python3.7/site-packages/nilearn/__init__.py:67: FutureWarning: Python 3.7 support is deprecated and will be removed in release 0.12 of Nilearn. Consider switching to Python 3.9 or 3.10.
  _python_deprecation_warnings()
2024-12-31 18:38:49,222 - INFO - Running searchlight analysis with GCA for Tool localizer...
2024-12-31 18:38:49,269 - INFO - Memory usage after start of ROI/hemi iteration: 142.66 MB
2024-12-31 18:38:49,305 - INFO - Memory usage after start of run combination: 142.66 MB
2024-12-31 18:38:49,305 - INFO - Processing pIPS left for run combination [1, 2] for subject sub-spaceloc1010
2024-12-31 18:38:49,305 - INFO - Output file /lab_data/behrmannlab/vlad/ptoc/sub-spaceloc1010/ses-01//derivatives/gca/searchlight_result_tool_runs12_pIPS_left_1217.nii.gz already exists. Skipping this run.
2024-12-31 18:38:49,341 - INFO - Memory usage after start of run combination: 142.66 MB
2024-12-31 18:38:49,341 - INFO - Processing pIPS left for run combination [2, 1] for subject sub-spaceloc1010
2024-12-31 18:38:49,341 - INFO - Output file /lab_data/behrmannlab/vlad/ptoc/sub-spaceloc1010/ses-01//derivatives/gca/searchlight_result_tool_runs21_pIPS_left_1217.nii.gz already exists. Skipping this run.
2024-12-31 18:38:49,376 - INFO - Memory usage after start of ROI/hemi iteration: 142.66 MB
2024-12-31 18:38:49,410 - INFO - Memory usage after start of run combination: 142.66 MB
2024-12-31 18:38:49,410 - INFO - Processing pIPS right for run combination [1, 2] for subject sub-spaceloc1010
2024-12-31 18:38:49,410 - INFO - Output file /lab_data/behrmannlab/vlad/ptoc/sub-spaceloc1010/ses-01//derivatives/gca/searchlight_result_tool_runs12_pIPS_right_1217.nii.gz already exists. Skipping this run.
2024-12-31 18:38:49,444 - INFO - Memory usage after start of run combination: 142.66 MB
2024-12-31 18:38:49,444 - INFO - Processing pIPS right for run combination [2, 1] for subject sub-spaceloc1010
2024-12-31 18:38:49,564 - INFO - Functional image: shape=(208, 240, 256, 341), affine=
[[ 9.98817623e-01 -1.29146278e-02 -4.68586534e-02 -9.70467224e+01]
 [ 1.65977441e-02  9.96729910e-01  7.90833682e-02 -1.10643188e+02]
 [ 4.56840619e-02 -7.97676519e-02  9.95766103e-01 -1.21894188e+02]
 [ 0.00000000e+00  0.00000000e+00  0.00000000e+00  1.00000000e+00]]
2024-12-31 18:40:00,980 - INFO - Generated mask: shape=(208, 240, 256), affine=
[[ 9.98817623e-01 -1.29146278e-02 -4.68586534e-02 -9.70467224e+01]
 [ 1.65977441e-02  9.96729910e-01  7.90833682e-02 -1.10643188e+02]
 [ 4.56840619e-02 -7.97676519e-02  9.95766103e-01 -1.21894188e+02]
 [ 0.00000000e+00  0.00000000e+00  0.00000000e+00  1.00000000e+00]]
2024-12-31 18:41:52,227 - INFO - Cleaned data: shape=(208, 240, 256, 341), min=-12.507290840148926, max=13.702102661132812, mean=2.4314343288420023e-12
2024-12-31 18:41:52,331 - INFO - Memory usage after after loading and cleaning run: 33462.28 MB
2024-12-31 18:41:52,331 - INFO - Memory usage after after loading analysis run: 33462.28 MB
2024-12-31 18:45:20,785 - INFO - Memory usage after after ROI extraction: 33466.63 MB
2024-12-31 18:45:20,785 - INFO - Creating Searchlight object for pIPS right...
2024-12-31 18:45:20,787 - INFO - Searchlight object created.
2024-12-31 18:45:20,787 - INFO - Distributing data...
2024-12-31 18:46:27,624 - INFO - Memory usage after after data distribution: 35839.64 MB
2024-12-31 18:46:27,624 - INFO - Broadcasting pIPS time series and psychological covariate...
2024-12-31 18:46:27,624 - INFO - Broadcasting completed.
2024-12-31 18:46:27,624 - INFO - Starting searchlight analysis...
2024-12-31 23:06:54,798 - INFO - Searchlight analysis completed.
2024-12-31 23:06:54,799 - INFO - Memory usage after after searchlight: 36767.39 MB
2024-12-31 23:06:56,632 - INFO - Saved searchlight result to /lab_data/behrmannlab/vlad/ptoc/sub-spaceloc1010/ses-01//derivatives/gca/searchlight_result_tool_runs21_pIPS_right_1217.nii.gz
2024-12-31 23:06:57,485 - INFO - Memory usage after after cleanup: 20548.76 MB
2024-12-31 23:06:57,516 - INFO - Memory usage after start of ROI/hemi iteration: 20548.76 MB
2024-12-31 23:06:57,544 - INFO - Memory usage after start of run combination: 20548.76 MB
2024-12-31 23:06:57,544 - INFO - Processing LO left for run combination [1, 2] for subject sub-spaceloc1010
2024-12-31 23:06:57,657 - INFO - Functional image: shape=(208, 240, 256, 341), affine=
[[ 9.98817623e-01 -1.29146278e-02 -4.68586534e-02 -9.70467224e+01]
 [ 1.65977441e-02  9.96729910e-01  7.90833682e-02 -1.10643188e+02]
 [ 4.56840619e-02 -7.97676519e-02  9.95766103e-01 -1.21894188e+02]
 [ 0.00000000e+00  0.00000000e+00  0.00000000e+00  1.00000000e+00]]
2024-12-31 23:08:06,390 - INFO - Generated mask: shape=(208, 240, 256), affine=
[[ 9.98817623e-01 -1.29146278e-02 -4.68586534e-02 -9.70467224e+01]
 [ 1.65977441e-02  9.96729910e-01  7.90833682e-02 -1.10643188e+02]
 [ 4.56840619e-02 -7.97676519e-02  9.95766103e-01 -1.21894188e+02]
 [ 0.00000000e+00  0.00000000e+00  0.00000000e+00  1.00000000e+00]]
2024-12-31 23:09:57,099 - INFO - Cleaned data: shape=(208, 240, 256, 341), min=-13.429178237915039, max=13.94739055633545, mean=8.300415029946197e-13
2024-12-31 23:09:57,159 - INFO - Memory usage after after loading and cleaning run: 53796.26 MB
2024-12-31 23:09:57,159 - INFO - Memory usage after after loading analysis run: 53796.26 MB
2024-12-31 23:13:18,272 - INFO - Memory usage after after ROI extraction: 53796.31 MB
2024-12-31 23:13:18,273 - INFO - Creating Searchlight object for LO left...
2024-12-31 23:13:18,274 - INFO - Searchlight object created.
2024-12-31 23:13:18,274 - INFO - Distributing data...
2024-12-31 23:14:16,042 - INFO - Memory usage after after data distribution: 36230.64 MB
2024-12-31 23:14:16,042 - INFO - Broadcasting LO time series and psychological covariate...
2024-12-31 23:14:16,042 - INFO - Broadcasting completed.
2024-12-31 23:14:16,042 - INFO - Starting searchlight analysis...
2025-01-01 03:33:47,520 - INFO - Searchlight analysis completed.
2025-01-01 03:33:47,521 - INFO - Memory usage after after searchlight: 37160.74 MB
2025-01-01 03:33:49,304 - INFO - Saved searchlight result to /lab_data/behrmannlab/vlad/ptoc/sub-spaceloc1010/ses-01//derivatives/gca/searchlight_result_tool_runs12_LO_left_1217.nii.gz
2025-01-01 03:33:49,825 - INFO - Memory usage after after cleanup: 20596.48 MB
2025-01-01 03:33:49,862 - INFO - Memory usage after start of run combination: 20596.48 MB
2025-01-01 03:33:49,862 - INFO - Processing LO left for run combination [2, 1] for subject sub-spaceloc1010
2025-01-01 03:33:49,905 - INFO - Functional image: shape=(208, 240, 256, 341), affine=
[[ 9.98817623e-01 -1.29146278e-02 -4.68586534e-02 -9.70467224e+01]
 [ 1.65977441e-02  9.96729910e-01  7.90833682e-02 -1.10643188e+02]
 [ 4.56840619e-02 -7.97676519e-02  9.95766103e-01 -1.21894188e+02]
 [ 0.00000000e+00  0.00000000e+00  0.00000000e+00  1.00000000e+00]]
2025-01-01 03:35:07,112 - INFO - Generated mask: shape=(208, 240, 256), affine=
[[ 9.98817623e-01 -1.29146278e-02 -4.68586534e-02 -9.70467224e+01]
 [ 1.65977441e-02  9.96729910e-01  7.90833682e-02 -1.10643188e+02]
 [ 4.56840619e-02 -7.97676519e-02  9.95766103e-01 -1.21894188e+02]
 [ 0.00000000e+00  0.00000000e+00  0.00000000e+00  1.00000000e+00]]
2025-01-01 03:37:07,628 - INFO - Cleaned data: shape=(208, 240, 256, 341), min=-12.507290840148926, max=13.702102661132812, mean=2.4314343288420023e-12
2025-01-01 03:37:07,927 - INFO - Memory usage after after loading and cleaning run: 53843.98 MB
2025-01-01 03:37:07,927 - INFO - Memory usage after after loading analysis run: 53843.98 MB
2025-01-01 03:41:21,084 - INFO - Memory usage after after ROI extraction: 53833.02 MB
2025-01-01 03:41:21,085 - INFO - Creating Searchlight object for LO left...
2025-01-01 03:41:21,087 - INFO - Searchlight object created.
2025-01-01 03:41:21,087 - INFO - Distributing data...
2025-01-01 03:42:27,573 - INFO - Memory usage after after data distribution: 35834.16 MB
2025-01-01 03:42:27,573 - INFO - Broadcasting LO time series and psychological covariate...
2025-01-01 03:42:27,573 - INFO - Broadcasting completed.
2025-01-01 03:42:27,573 - INFO - Starting searchlight analysis...
2025-01-01 08:02:14,838 - INFO - Searchlight analysis completed.
2025-01-01 08:02:14,839 - INFO - Memory usage after after searchlight: 36761.22 MB
2025-01-01 08:02:16,636 - INFO - Saved searchlight result to /lab_data/behrmannlab/vlad/ptoc/sub-spaceloc1010/ses-01//derivatives/gca/searchlight_result_tool_runs21_LO_left_1217.nii.gz
2025-01-01 08:02:17,342 - INFO - Memory usage after after cleanup: 20557.42 MB
2025-01-01 08:02:17,375 - INFO - Memory usage after start of ROI/hemi iteration: 20557.42 MB
2025-01-01 08:02:17,404 - INFO - Memory usage after start of run combination: 20557.42 MB
2025-01-01 08:02:17,404 - INFO - Processing LO right for run combination [1, 2] for subject sub-spaceloc1010
2025-01-01 08:02:17,439 - INFO - Functional image: shape=(208, 240, 256, 341), affine=
[[ 9.98817623e-01 -1.29146278e-02 -4.68586534e-02 -9.70467224e+01]
 [ 1.65977441e-02  9.96729910e-01  7.90833682e-02 -1.10643188e+02]
 [ 4.56840619e-02 -7.97676519e-02  9.95766103e-01 -1.21894188e+02]
 [ 0.00000000e+00  0.00000000e+00  0.00000000e+00  1.00000000e+00]]
2025-01-01 08:03:35,777 - INFO - Generated mask: shape=(208, 240, 256), affine=
[[ 9.98817623e-01 -1.29146278e-02 -4.68586534e-02 -9.70467224e+01]
 [ 1.65977441e-02  9.96729910e-01  7.90833682e-02 -1.10643188e+02]
 [ 4.56840619e-02 -7.97676519e-02  9.95766103e-01 -1.21894188e+02]
 [ 0.00000000e+00  0.00000000e+00  0.00000000e+00  1.00000000e+00]]
2025-01-01 08:05:41,829 - INFO - Cleaned data: shape=(208, 240, 256, 341), min=-13.429178237915039, max=13.94739055633545, mean=8.300415029946197e-13
2025-01-01 08:05:42,111 - INFO - Memory usage after after loading and cleaning run: 53804.93 MB
2025-01-01 08:05:42,111 - INFO - Memory usage after after loading analysis run: 53804.93 MB
2025-01-01 08:09:58,320 - INFO - Memory usage after after ROI extraction: 53804.71 MB
2025-01-01 08:09:58,320 - INFO - Creating Searchlight object for LO right...
2025-01-01 08:09:58,322 - INFO - Searchlight object created.
2025-01-01 08:09:58,322 - INFO - Distributing data...
2025-01-01 08:11:06,365 - INFO - Memory usage after after data distribution: 36226.83 MB
2025-01-01 08:11:06,366 - INFO - Broadcasting LO time series and psychological covariate...
2025-01-01 08:11:06,366 - INFO - Broadcasting completed.
2025-01-01 08:11:06,366 - INFO - Starting searchlight analysis...
2025-01-01 12:30:55,618 - INFO - Searchlight analysis completed.
2025-01-01 12:30:55,619 - INFO - Memory usage after after searchlight: 37156.92 MB
2025-01-01 12:30:57,505 - INFO - Saved searchlight result to /lab_data/behrmannlab/vlad/ptoc/sub-spaceloc1010/ses-01//derivatives/gca/searchlight_result_tool_runs12_LO_right_1217.nii.gz
2025-01-01 12:30:58,288 - INFO - Memory usage after after cleanup: 20528.90 MB
2025-01-01 12:30:58,321 - INFO - Memory usage after start of run combination: 20528.90 MB
2025-01-01 12:30:58,321 - INFO - Processing LO right for run combination [2, 1] for subject sub-spaceloc1010
2025-01-01 12:30:58,356 - INFO - Functional image: shape=(208, 240, 256, 341), affine=
[[ 9.98817623e-01 -1.29146278e-02 -4.68586534e-02 -9.70467224e+01]
 [ 1.65977441e-02  9.96729910e-01  7.90833682e-02 -1.10643188e+02]
 [ 4.56840619e-02 -7.97676519e-02  9.95766103e-01 -1.21894188e+02]
 [ 0.00000000e+00  0.00000000e+00  0.00000000e+00  1.00000000e+00]]
2025-01-01 12:32:17,193 - INFO - Generated mask: shape=(208, 240, 256), affine=
[[ 9.98817623e-01 -1.29146278e-02 -4.68586534e-02 -9.70467224e+01]
 [ 1.65977441e-02  9.96729910e-01  7.90833682e-02 -1.10643188e+02]
 [ 4.56840619e-02 -7.97676519e-02  9.95766103e-01 -1.21894188e+02]
 [ 0.00000000e+00  0.00000000e+00  0.00000000e+00  1.00000000e+00]]
2025-01-01 12:34:23,008 - INFO - Cleaned data: shape=(208, 240, 256, 341), min=-12.507290840148926, max=13.702102661132812, mean=2.4314343288420023e-12
2025-01-01 12:34:23,285 - INFO - Memory usage after after loading and cleaning run: 53776.41 MB
2025-01-01 12:34:23,285 - INFO - Memory usage after after loading analysis run: 53776.41 MB
2025-01-01 12:38:39,126 - INFO - Memory usage after after ROI extraction: 53776.41 MB
2025-01-01 12:38:39,127 - INFO - Creating Searchlight object for LO right...
2025-01-01 12:38:39,129 - INFO - Searchlight object created.
2025-01-01 12:38:39,129 - INFO - Distributing data...
2025-01-01 12:39:47,068 - INFO - Memory usage after after data distribution: 35841.40 MB
2025-01-01 12:39:47,068 - INFO - Broadcasting LO time series and psychological covariate...
2025-01-01 12:39:47,068 - INFO - Broadcasting completed.
2025-01-01 12:39:47,069 - INFO - Starting searchlight analysis...
2025-01-01 16:59:10,493 - INFO - Searchlight analysis completed.
2025-01-01 16:59:10,494 - INFO - Memory usage after after searchlight: 36768.37 MB
2025-01-01 16:59:12,255 - INFO - Saved searchlight result to /lab_data/behrmannlab/vlad/ptoc/sub-spaceloc1010/ses-01//derivatives/gca/searchlight_result_tool_runs21_LO_right_1217.nii.gz
2025-01-01 16:59:13,126 - INFO - Memory usage after after cleanup: 20571.95 MB
2025-01-01 16:59:13,126 - INFO - Completed searchlight analysis with GCA for all subjects
Processing subject: sub-spaceloc1010
