Traceback (most recent call last):
  File "<string>", line 2, in <module>
ModuleNotFoundError: No module named 'brainiak.utils.fmriroi'
/home/csimmon2/anaconda3/envs/brainiak_env/lib/python3.7/site-packages/nilearn/__init__.py:67: FutureWarning: Python 3.7 support is deprecated and will be removed in release 0.12 of Nilearn. Consider switching to Python 3.9 or 3.10.
  _python_deprecation_warnings()
2024-10-21 13:35:01,622 - INFO - Running searchlight analysis with GCA for Object...
2024-10-21 13:35:02,957 - INFO - Processing pIPS left for run combination [1, 2] for subject sub-094
2024-10-21 13:35:02,982 - INFO - Loading run 1 from /lab_data/behrmannlab/vlad/hemispace/sub-094/ses-01/derivatives/fsl/loc/run-01/1stLevel.feat/filtered_func_data_reg.nii.gz
2024-10-21 13:35:03,998 - INFO - Functional image: shape=(176, 256, 256, 184), affine=
[[ 9.99649048e-01 -2.43077036e-02 -1.06134051e-02 -8.27148743e+01]
 [ 2.51934510e-02  9.95314658e-01  9.33492407e-02 -1.23590179e+02]
 [ 8.29457864e-03 -9.35837850e-02  9.95576859e-01 -1.05832512e+02]
 [ 0.00000000e+00  0.00000000e+00  0.00000000e+00  1.00000000e+00]]
2024-10-21 13:35:42,719 - INFO - Generated mask: shape=(176, 256, 256), affine=
[[ 9.99649048e-01 -2.43077036e-02 -1.06134051e-02 -8.27148743e+01]
 [ 2.51934510e-02  9.95314658e-01  9.33492407e-02 -1.23590179e+02]
 [ 8.29457864e-03 -9.35837850e-02  9.95576859e-01 -1.05832512e+02]
 [ 0.00000000e+00  0.00000000e+00  0.00000000e+00  1.00000000e+00]]
2024-10-21 13:36:34,397 - INFO - Cleaned data: shape=(176, 256, 256, 184), min=-9.511439323425293, max=11.762858390808105, mean=-1.7165582685305838e-12
2024-10-21 13:36:34,478 - INFO - Memory usage after after loading and cleaning run: 16396.54 MB
2024-10-21 13:36:34,478 - INFO - Loading run 2 from /lab_data/behrmannlab/vlad/hemispace/sub-094/ses-01/derivatives/fsl/loc/run-02/1stLevel.feat/filtered_func_data_reg.nii.gz
2024-10-21 13:36:34,734 - INFO - Functional image: shape=(176, 256, 256, 184), affine=
[[ 9.99649048e-01 -2.43077036e-02 -1.06134051e-02 -8.27148743e+01]
 [ 2.51934510e-02  9.95314658e-01  9.33492407e-02 -1.23590179e+02]
 [ 8.29457864e-03 -9.35837850e-02  9.95576859e-01 -1.05832512e+02]
 [ 0.00000000e+00  0.00000000e+00  0.00000000e+00  1.00000000e+00]]
2024-10-21 13:37:12,820 - INFO - Generated mask: shape=(176, 256, 256), affine=
[[ 9.99649048e-01 -2.43077036e-02 -1.06134051e-02 -8.27148743e+01]
 [ 2.51934510e-02  9.95314658e-01  9.33492407e-02 -1.23590179e+02]
 [ 8.29457864e-03 -9.35837850e-02  9.95576859e-01 -1.05832512e+02]
 [ 0.00000000e+00  0.00000000e+00  0.00000000e+00  1.00000000e+00]]
2024-10-21 13:38:04,708 - INFO - Cleaned data: shape=(176, 256, 256, 184), min=-9.24178695678711, max=11.183170318603516, mean=-1.102983330184761e-12
2024-10-21 13:38:04,803 - INFO - Memory usage after after loading and cleaning run: 32606.81 MB
2024-10-21 13:38:24,048 - INFO - Concatenated data shape: (176, 256, 256, 368)
2024-10-21 13:38:24,127 - INFO - Memory usage after after concatenating runs: 48798.81 MB
2024-10-21 13:42:13,899 - INFO - Creating Searchlight object for pIPS left...
2024-10-21 13:42:13,909 - INFO - Searchlight object created.
2024-10-21 13:42:13,909 - INFO - Distributing data...
2024-10-21 13:43:46,990 - INFO - Data distribution completed.
2024-10-21 13:43:47,002 - INFO - Broadcasting pIPS time series and psychological covariate...
2024-10-21 13:43:47,002 - INFO - Broadcasting completed.
2024-10-21 13:43:47,002 - INFO - Starting searchlight analysis...
2024-10-21 17:49:26,456 - INFO - Searchlight analysis completed.
2024-10-21 17:49:26,462 - INFO - Memory usage after after searchlight: 84947.21 MB
2024-10-21 17:49:29,188 - INFO - Saved searchlight result to /lab_data/behrmannlab/vlad/ptoc/sub-094/ses-01//derivatives/gca/searchlight_result_object_runs12_pIPS_left.nii.gz
2024-10-21 17:49:30,549 - INFO - Processing pIPS left for run combination [1, 3] for subject sub-094
2024-10-21 17:49:30,556 - INFO - Loading run 1 from /lab_data/behrmannlab/vlad/hemispace/sub-094/ses-01/derivatives/fsl/loc/run-01/1stLevel.feat/filtered_func_data_reg.nii.gz
2024-10-21 17:49:31,409 - INFO - Functional image: shape=(176, 256, 256, 184), affine=
[[ 9.99649048e-01 -2.43077036e-02 -1.06134051e-02 -8.27148743e+01]
 [ 2.51934510e-02  9.95314658e-01  9.33492407e-02 -1.23590179e+02]
 [ 8.29457864e-03 -9.35837850e-02  9.95576859e-01 -1.05832512e+02]
 [ 0.00000000e+00  0.00000000e+00  0.00000000e+00  1.00000000e+00]]
2024-10-21 17:50:19,926 - INFO - Generated mask: shape=(176, 256, 256), affine=
[[ 9.99649048e-01 -2.43077036e-02 -1.06134051e-02 -8.27148743e+01]
 [ 2.51934510e-02  9.95314658e-01  9.33492407e-02 -1.23590179e+02]
 [ 8.29457864e-03 -9.35837850e-02  9.95576859e-01 -1.05832512e+02]
 [ 0.00000000e+00  0.00000000e+00  0.00000000e+00  1.00000000e+00]]
2024-10-21 17:51:21,271 - INFO - Cleaned data: shape=(176, 256, 256, 184), min=-9.511439323425293, max=11.762858390808105, mean=-1.7165582685305838e-12
2024-10-21 17:51:21,344 - INFO - Memory usage after after loading and cleaning run: 67907.41 MB
2024-10-21 17:51:21,480 - INFO - Loading run 3 from /lab_data/behrmannlab/vlad/hemispace/sub-094/ses-01/derivatives/fsl/loc/run-03/1stLevel.feat/filtered_func_data_reg.nii.gz
2024-10-21 17:51:21,933 - INFO - Functional image: shape=(176, 256, 256, 184), affine=
[[ 9.99649048e-01 -2.43077036e-02 -1.06134051e-02 -8.27148743e+01]
 [ 2.51934510e-02  9.95314658e-01  9.33492407e-02 -1.23590179e+02]
 [ 8.29457864e-03 -9.35837850e-02  9.95576859e-01 -1.05832512e+02]
 [ 0.00000000e+00  0.00000000e+00  0.00000000e+00  1.00000000e+00]]
2024-10-21 17:52:01,139 - INFO - Generated mask: shape=(176, 256, 256), affine=
[[ 9.99649048e-01 -2.43077036e-02 -1.06134051e-02 -8.27148743e+01]
 [ 2.51934510e-02  9.95314658e-01  9.33492407e-02 -1.23590179e+02]
 [ 8.29457864e-03 -9.35837850e-02  9.95576859e-01 -1.05832512e+02]
 [ 0.00000000e+00  0.00000000e+00  0.00000000e+00  1.00000000e+00]]
2024-10-21 17:53:03,651 - INFO - Cleaned data: shape=(176, 256, 256, 184), min=-9.77156925201416, max=11.221354484558105, mean=4.793396745281089e-13
2024-10-21 17:53:03,727 - INFO - Memory usage after after loading and cleaning run: 67819.41 MB
2024-10-21 17:53:27,805 - INFO - Concatenated data shape: (176, 256, 256, 368)
2024-10-21 17:53:27,983 - INFO - Memory usage after after concatenating runs: 84011.41 MB
2024-10-21 17:58:04,001 - INFO - Creating Searchlight object for pIPS left...
2024-10-21 17:58:04,926 - INFO - Searchlight object created.
2024-10-21 17:58:04,927 - INFO - Distributing data...
2024-10-21 17:59:37,993 - INFO - Data distribution completed.
2024-10-21 17:59:38,005 - INFO - Broadcasting pIPS time series and psychological covariate...
2024-10-21 17:59:38,005 - INFO - Broadcasting completed.
2024-10-21 17:59:38,005 - INFO - Starting searchlight analysis...
2024-10-21 22:08:40,707 - INFO - Searchlight analysis completed.
2024-10-21 22:08:40,716 - INFO - Memory usage after after searchlight: 85442.47 MB
2024-10-21 22:08:43,594 - INFO - Saved searchlight result to /lab_data/behrmannlab/vlad/ptoc/sub-094/ses-01//derivatives/gca/searchlight_result_object_runs13_pIPS_left.nii.gz
2024-10-21 22:08:45,250 - INFO - Processing pIPS left for run combination [2, 3] for subject sub-094
2024-10-21 22:08:45,293 - INFO - Loading run 2 from /lab_data/behrmannlab/vlad/hemispace/sub-094/ses-01/derivatives/fsl/loc/run-02/1stLevel.feat/filtered_func_data_reg.nii.gz
2024-10-21 22:08:46,291 - INFO - Functional image: shape=(176, 256, 256, 184), affine=
[[ 9.99649048e-01 -2.43077036e-02 -1.06134051e-02 -8.27148743e+01]
 [ 2.51934510e-02  9.95314658e-01  9.33492407e-02 -1.23590179e+02]
 [ 8.29457864e-03 -9.35837850e-02  9.95576859e-01 -1.05832512e+02]
 [ 0.00000000e+00  0.00000000e+00  0.00000000e+00  1.00000000e+00]]
2024-10-21 22:09:25,619 - INFO - Generated mask: shape=(176, 256, 256), affine=
[[ 9.99649048e-01 -2.43077036e-02 -1.06134051e-02 -8.27148743e+01]
 [ 2.51934510e-02  9.95314658e-01  9.33492407e-02 -1.23590179e+02]
 [ 8.29457864e-03 -9.35837850e-02  9.95576859e-01 -1.05832512e+02]
 [ 0.00000000e+00  0.00000000e+00  0.00000000e+00  1.00000000e+00]]
2024-10-21 22:10:26,497 - INFO - Cleaned data: shape=(176, 256, 256, 184), min=-9.24178695678711, max=11.183170318603516, mean=-1.102983330184761e-12
2024-10-21 22:10:26,545 - INFO - Memory usage after after loading and cleaning run: 68394.50 MB
2024-10-21 22:10:26,789 - INFO - Loading run 3 from /lab_data/behrmannlab/vlad/hemispace/sub-094/ses-01/derivatives/fsl/loc/run-03/1stLevel.feat/filtered_func_data_reg.nii.gz
2024-10-21 22:10:27,376 - INFO - Functional image: shape=(176, 256, 256, 184), affine=
[[ 9.99649048e-01 -2.43077036e-02 -1.06134051e-02 -8.27148743e+01]
 [ 2.51934510e-02  9.95314658e-01  9.33492407e-02 -1.23590179e+02]
 [ 8.29457864e-03 -9.35837850e-02  9.95576859e-01 -1.05832512e+02]
 [ 0.00000000e+00  0.00000000e+00  0.00000000e+00  1.00000000e+00]]
2024-10-21 22:11:05,376 - INFO - Generated mask: shape=(176, 256, 256), affine=
[[ 9.99649048e-01 -2.43077036e-02 -1.06134051e-02 -8.27148743e+01]
 [ 2.51934510e-02  9.95314658e-01  9.33492407e-02 -1.23590179e+02]
 [ 8.29457864e-03 -9.35837850e-02  9.95576859e-01 -1.05832512e+02]
 [ 0.00000000e+00  0.00000000e+00  0.00000000e+00  1.00000000e+00]]
2024-10-21 22:12:06,864 - INFO - Cleaned data: shape=(176, 256, 256, 184), min=-9.77156925201416, max=11.221354484558105, mean=4.793396745281089e-13
2024-10-21 22:12:06,912 - INFO - Memory usage after after loading and cleaning run: 68394.50 MB
2024-10-21 22:12:30,987 - INFO - Concatenated data shape: (176, 256, 256, 368)
2024-10-21 22:12:31,147 - INFO - Memory usage after after concatenating runs: 84586.50 MB
2024-10-21 22:17:09,043 - INFO - Creating Searchlight object for pIPS left...
2024-10-21 22:17:10,215 - INFO - Searchlight object created.
2024-10-21 22:17:10,215 - INFO - Distributing data...
2024-10-21 22:18:48,244 - INFO - Data distribution completed.
2024-10-21 22:18:48,247 - INFO - Broadcasting pIPS time series and psychological covariate...
2024-10-21 22:18:48,247 - INFO - Broadcasting completed.
2024-10-21 22:18:48,247 - INFO - Starting searchlight analysis...
2024-10-22 02:28:35,316 - INFO - Searchlight analysis completed.
2024-10-22 02:28:35,321 - INFO - Memory usage after after searchlight: 85451.26 MB
2024-10-22 02:28:38,304 - INFO - Saved searchlight result to /lab_data/behrmannlab/vlad/ptoc/sub-094/ses-01//derivatives/gca/searchlight_result_object_runs23_pIPS_left.nii.gz
2024-10-22 02:28:39,984 - INFO - Processing pIPS right for run combination [1, 2] for subject sub-094
2024-10-22 02:28:39,992 - INFO - Loading run 1 from /lab_data/behrmannlab/vlad/hemispace/sub-094/ses-01/derivatives/fsl/loc/run-01/1stLevel.feat/filtered_func_data_reg.nii.gz
2024-10-22 02:28:40,973 - INFO - Functional image: shape=(176, 256, 256, 184), affine=
[[ 9.99649048e-01 -2.43077036e-02 -1.06134051e-02 -8.27148743e+01]
 [ 2.51934510e-02  9.95314658e-01  9.33492407e-02 -1.23590179e+02]
 [ 8.29457864e-03 -9.35837850e-02  9.95576859e-01 -1.05832512e+02]
 [ 0.00000000e+00  0.00000000e+00  0.00000000e+00  1.00000000e+00]]
2024-10-22 02:29:20,252 - INFO - Generated mask: shape=(176, 256, 256), affine=
[[ 9.99649048e-01 -2.43077036e-02 -1.06134051e-02 -8.27148743e+01]
 [ 2.51934510e-02  9.95314658e-01  9.33492407e-02 -1.23590179e+02]
 [ 8.29457864e-03 -9.35837850e-02  9.95576859e-01 -1.05832512e+02]
 [ 0.00000000e+00  0.00000000e+00  0.00000000e+00  1.00000000e+00]]
2024-10-22 02:30:18,438 - INFO - Cleaned data: shape=(176, 256, 256, 184), min=-9.511439323425293, max=11.762858390808105, mean=-1.7165582685305838e-12
2024-10-22 02:30:18,500 - INFO - Memory usage after after loading and cleaning run: 68402.78 MB
2024-10-22 02:30:18,774 - INFO - Loading run 2 from /lab_data/behrmannlab/vlad/hemispace/sub-094/ses-01/derivatives/fsl/loc/run-02/1stLevel.feat/filtered_func_data_reg.nii.gz
2024-10-22 02:30:18,874 - INFO - Functional image: shape=(176, 256, 256, 184), affine=
[[ 9.99649048e-01 -2.43077036e-02 -1.06134051e-02 -8.27148743e+01]
 [ 2.51934510e-02  9.95314658e-01  9.33492407e-02 -1.23590179e+02]
 [ 8.29457864e-03 -9.35837850e-02  9.95576859e-01 -1.05832512e+02]
 [ 0.00000000e+00  0.00000000e+00  0.00000000e+00  1.00000000e+00]]
2024-10-22 02:30:57,359 - INFO - Generated mask: shape=(176, 256, 256), affine=
[[ 9.99649048e-01 -2.43077036e-02 -1.06134051e-02 -8.27148743e+01]
 [ 2.51934510e-02  9.95314658e-01  9.33492407e-02 -1.23590179e+02]
 [ 8.29457864e-03 -9.35837850e-02  9.95576859e-01 -1.05832512e+02]
 [ 0.00000000e+00  0.00000000e+00  0.00000000e+00  1.00000000e+00]]
2024-10-22 02:31:56,123 - INFO - Cleaned data: shape=(176, 256, 256, 184), min=-9.24178695678711, max=11.183170318603516, mean=-1.102983330184761e-12
2024-10-22 02:31:56,186 - INFO - Memory usage after after loading and cleaning run: 68402.78 MB
2024-10-22 02:32:21,863 - INFO - Concatenated data shape: (176, 256, 256, 368)
2024-10-22 02:32:22,032 - INFO - Memory usage after after concatenating runs: 84594.78 MB
2024-10-22 02:37:11,533 - INFO - Creating Searchlight object for pIPS right...
2024-10-22 02:37:11,567 - INFO - Searchlight object created.
2024-10-22 02:37:11,567 - INFO - Distributing data...
2024-10-22 02:38:37,215 - INFO - Data distribution completed.
2024-10-22 02:38:37,216 - INFO - Broadcasting pIPS time series and psychological covariate...
2024-10-22 02:38:37,216 - INFO - Broadcasting completed.
2024-10-22 02:38:37,216 - INFO - Starting searchlight analysis...
2024-10-22 06:48:29,705 - INFO - Searchlight analysis completed.
2024-10-22 06:48:29,706 - INFO - Memory usage after after searchlight: 85366.70 MB
2024-10-22 06:48:32,447 - INFO - Saved searchlight result to /lab_data/behrmannlab/vlad/ptoc/sub-094/ses-01//derivatives/gca/searchlight_result_object_runs12_pIPS_right.nii.gz
2024-10-22 06:48:34,614 - INFO - Processing pIPS right for run combination [1, 3] for subject sub-094
2024-10-22 06:48:34,631 - INFO - Loading run 1 from /lab_data/behrmannlab/vlad/hemispace/sub-094/ses-01/derivatives/fsl/loc/run-01/1stLevel.feat/filtered_func_data_reg.nii.gz
2024-10-22 06:48:35,326 - INFO - Functional image: shape=(176, 256, 256, 184), affine=
[[ 9.99649048e-01 -2.43077036e-02 -1.06134051e-02 -8.27148743e+01]
 [ 2.51934510e-02  9.95314658e-01  9.33492407e-02 -1.23590179e+02]
 [ 8.29457864e-03 -9.35837850e-02  9.95576859e-01 -1.05832512e+02]
 [ 0.00000000e+00  0.00000000e+00  0.00000000e+00  1.00000000e+00]]
2024-10-22 06:49:20,638 - INFO - Generated mask: shape=(176, 256, 256), affine=
[[ 9.99649048e-01 -2.43077036e-02 -1.06134051e-02 -8.27148743e+01]
 [ 2.51934510e-02  9.95314658e-01  9.33492407e-02 -1.23590179e+02]
 [ 8.29457864e-03 -9.35837850e-02  9.95576859e-01 -1.05832512e+02]
 [ 0.00000000e+00  0.00000000e+00  0.00000000e+00  1.00000000e+00]]
2024-10-22 06:51:05,276 - INFO - Cleaned data: shape=(176, 256, 256, 184), min=-9.511439323425293, max=11.762858390808105, mean=-1.7165582685305838e-12
2024-10-22 06:51:05,351 - INFO - Memory usage after after loading and cleaning run: 68326.61 MB
2024-10-22 06:51:05,661 - INFO - Loading run 3 from /lab_data/behrmannlab/vlad/hemispace/sub-094/ses-01/derivatives/fsl/loc/run-03/1stLevel.feat/filtered_func_data_reg.nii.gz
2024-10-22 06:51:06,685 - INFO - Functional image: shape=(176, 256, 256, 184), affine=
[[ 9.99649048e-01 -2.43077036e-02 -1.06134051e-02 -8.27148743e+01]
 [ 2.51934510e-02  9.95314658e-01  9.33492407e-02 -1.23590179e+02]
 [ 8.29457864e-03 -9.35837850e-02  9.95576859e-01 -1.05832512e+02]
 [ 0.00000000e+00  0.00000000e+00  0.00000000e+00  1.00000000e+00]]
2024-10-22 06:51:47,902 - INFO - Generated mask: shape=(176, 256, 256), affine=
[[ 9.99649048e-01 -2.43077036e-02 -1.06134051e-02 -8.27148743e+01]
 [ 2.51934510e-02  9.95314658e-01  9.33492407e-02 -1.23590179e+02]
 [ 8.29457864e-03 -9.35837850e-02  9.95576859e-01 -1.05832512e+02]
 [ 0.00000000e+00  0.00000000e+00  0.00000000e+00  1.00000000e+00]]
2024-10-22 06:53:30,041 - INFO - Cleaned data: shape=(176, 256, 256, 184), min=-9.77156925201416, max=11.221354484558105, mean=4.793396745281089e-13
2024-10-22 06:53:30,115 - INFO - Memory usage after after loading and cleaning run: 68326.61 MB
2024-10-22 06:54:01,395 - INFO - Concatenated data shape: (176, 256, 256, 368)
2024-10-22 06:54:02,271 - INFO - Memory usage after after concatenating runs: 84518.61 MB
2024-10-22 06:58:43,787 - INFO - Creating Searchlight object for pIPS right...
2024-10-22 06:58:44,848 - INFO - Searchlight object created.
2024-10-22 06:58:44,849 - INFO - Distributing data...
2024-10-22 07:00:16,522 - INFO - Data distribution completed.
2024-10-22 07:00:16,527 - INFO - Broadcasting pIPS time series and psychological covariate...
2024-10-22 07:00:16,527 - INFO - Broadcasting completed.
2024-10-22 07:00:16,527 - INFO - Starting searchlight analysis...
2024-10-22 11:11:26,331 - INFO - Searchlight analysis completed.
2024-10-22 11:11:26,354 - INFO - Memory usage after after searchlight: 85467.42 MB
2024-10-22 11:11:28,920 - INFO - Saved searchlight result to /lab_data/behrmannlab/vlad/ptoc/sub-094/ses-01//derivatives/gca/searchlight_result_object_runs13_pIPS_right.nii.gz
2024-10-22 11:11:30,996 - INFO - Processing pIPS right for run combination [2, 3] for subject sub-094
2024-10-22 11:11:31,024 - INFO - Loading run 2 from /lab_data/behrmannlab/vlad/hemispace/sub-094/ses-01/derivatives/fsl/loc/run-02/1stLevel.feat/filtered_func_data_reg.nii.gz
2024-10-22 11:11:31,475 - INFO - Functional image: shape=(176, 256, 256, 184), affine=
[[ 9.99649048e-01 -2.43077036e-02 -1.06134051e-02 -8.27148743e+01]
 [ 2.51934510e-02  9.95314658e-01  9.33492407e-02 -1.23590179e+02]
 [ 8.29457864e-03 -9.35837850e-02  9.95576859e-01 -1.05832512e+02]
 [ 0.00000000e+00  0.00000000e+00  0.00000000e+00  1.00000000e+00]]
2024-10-22 11:12:10,461 - INFO - Generated mask: shape=(176, 256, 256), affine=
[[ 9.99649048e-01 -2.43077036e-02 -1.06134051e-02 -8.27148743e+01]
 [ 2.51934510e-02  9.95314658e-01  9.33492407e-02 -1.23590179e+02]
 [ 8.29457864e-03 -9.35837850e-02  9.95576859e-01 -1.05832512e+02]
 [ 0.00000000e+00  0.00000000e+00  0.00000000e+00  1.00000000e+00]]
2024-10-22 11:13:10,201 - INFO - Cleaned data: shape=(176, 256, 256, 184), min=-9.24178695678711, max=11.183170318603516, mean=-1.102983330184761e-12
2024-10-22 11:13:10,249 - INFO - Memory usage after after loading and cleaning run: 68419.19 MB
2024-10-22 11:13:10,699 - INFO - Loading run 3 from /lab_data/behrmannlab/vlad/hemispace/sub-094/ses-01/derivatives/fsl/loc/run-03/1stLevel.feat/filtered_func_data_reg.nii.gz
2024-10-22 11:13:11,089 - INFO - Functional image: shape=(176, 256, 256, 184), affine=
[[ 9.99649048e-01 -2.43077036e-02 -1.06134051e-02 -8.27148743e+01]
 [ 2.51934510e-02  9.95314658e-01  9.33492407e-02 -1.23590179e+02]
 [ 8.29457864e-03 -9.35837850e-02  9.95576859e-01 -1.05832512e+02]
 [ 0.00000000e+00  0.00000000e+00  0.00000000e+00  1.00000000e+00]]
2024-10-22 11:13:49,589 - INFO - Generated mask: shape=(176, 256, 256), affine=
[[ 9.99649048e-01 -2.43077036e-02 -1.06134051e-02 -8.27148743e+01]
 [ 2.51934510e-02  9.95314658e-01  9.33492407e-02 -1.23590179e+02]
 [ 8.29457864e-03 -9.35837850e-02  9.95576859e-01 -1.05832512e+02]
 [ 0.00000000e+00  0.00000000e+00  0.00000000e+00  1.00000000e+00]]
2024-10-22 11:14:49,837 - INFO - Cleaned data: shape=(176, 256, 256, 184), min=-9.77156925201416, max=11.221354484558105, mean=4.793396745281089e-13
2024-10-22 11:14:49,887 - INFO - Memory usage after after loading and cleaning run: 68419.19 MB
2024-10-22 11:15:21,681 - INFO - Concatenated data shape: (176, 256, 256, 368)
2024-10-22 11:15:22,404 - INFO - Memory usage after after concatenating runs: 84611.19 MB
2024-10-22 11:20:00,777 - INFO - Creating Searchlight object for pIPS right...
2024-10-22 11:20:00,793 - INFO - Searchlight object created.
2024-10-22 11:20:00,793 - INFO - Distributing data...
2024-10-22 11:21:24,996 - INFO - Data distribution completed.
2024-10-22 11:21:25,030 - INFO - Broadcasting pIPS time series and psychological covariate...
2024-10-22 11:21:25,030 - INFO - Broadcasting completed.
2024-10-22 11:21:25,030 - INFO - Starting searchlight analysis...
2024-10-22 15:32:26,433 - INFO - Searchlight analysis completed.
2024-10-22 15:32:26,497 - INFO - Memory usage after after searchlight: 85467.84 MB
2024-10-22 15:32:29,673 - INFO - Saved searchlight result to /lab_data/behrmannlab/vlad/ptoc/sub-094/ses-01//derivatives/gca/searchlight_result_object_runs23_pIPS_right.nii.gz
2024-10-22 15:32:31,842 - INFO - Processing LO left for run combination [1, 2] for subject sub-094
2024-10-22 15:32:31,862 - INFO - Loading run 1 from /lab_data/behrmannlab/vlad/hemispace/sub-094/ses-01/derivatives/fsl/loc/run-01/1stLevel.feat/filtered_func_data_reg.nii.gz
2024-10-22 15:32:32,641 - INFO - Functional image: shape=(176, 256, 256, 184), affine=
[[ 9.99649048e-01 -2.43077036e-02 -1.06134051e-02 -8.27148743e+01]
 [ 2.51934510e-02  9.95314658e-01  9.33492407e-02 -1.23590179e+02]
 [ 8.29457864e-03 -9.35837850e-02  9.95576859e-01 -1.05832512e+02]
 [ 0.00000000e+00  0.00000000e+00  0.00000000e+00  1.00000000e+00]]
2024-10-22 15:33:12,019 - INFO - Generated mask: shape=(176, 256, 256), affine=
[[ 9.99649048e-01 -2.43077036e-02 -1.06134051e-02 -8.27148743e+01]
 [ 2.51934510e-02  9.95314658e-01  9.33492407e-02 -1.23590179e+02]
 [ 8.29457864e-03 -9.35837850e-02  9.95576859e-01 -1.05832512e+02]
 [ 0.00000000e+00  0.00000000e+00  0.00000000e+00  1.00000000e+00]]
2024-10-22 15:34:15,245 - INFO - Cleaned data: shape=(176, 256, 256, 184), min=-9.511439323425293, max=11.762858390808105, mean=-1.7165582685305838e-12
2024-10-22 15:34:15,293 - INFO - Memory usage after after loading and cleaning run: 68418.86 MB
2024-10-22 15:34:15,865 - INFO - Loading run 2 from /lab_data/behrmannlab/vlad/hemispace/sub-094/ses-01/derivatives/fsl/loc/run-02/1stLevel.feat/filtered_func_data_reg.nii.gz
2024-10-22 15:34:16,081 - INFO - Functional image: shape=(176, 256, 256, 184), affine=
[[ 9.99649048e-01 -2.43077036e-02 -1.06134051e-02 -8.27148743e+01]
 [ 2.51934510e-02  9.95314658e-01  9.33492407e-02 -1.23590179e+02]
 [ 8.29457864e-03 -9.35837850e-02  9.95576859e-01 -1.05832512e+02]
 [ 0.00000000e+00  0.00000000e+00  0.00000000e+00  1.00000000e+00]]
2024-10-22 15:34:54,941 - INFO - Generated mask: shape=(176, 256, 256), affine=
[[ 9.99649048e-01 -2.43077036e-02 -1.06134051e-02 -8.27148743e+01]
 [ 2.51934510e-02  9.95314658e-01  9.33492407e-02 -1.23590179e+02]
 [ 8.29457864e-03 -9.35837850e-02  9.95576859e-01 -1.05832512e+02]
 [ 0.00000000e+00  0.00000000e+00  0.00000000e+00  1.00000000e+00]]
2024-10-22 15:35:59,045 - INFO - Cleaned data: shape=(176, 256, 256, 184), min=-9.24178695678711, max=11.183170318603516, mean=-1.102983330184761e-12
2024-10-22 15:35:59,104 - INFO - Memory usage after after loading and cleaning run: 68418.86 MB
2024-10-22 15:36:31,328 - INFO - Concatenated data shape: (176, 256, 256, 368)
2024-10-22 15:36:32,092 - INFO - Memory usage after after concatenating runs: 84610.86 MB
2024-10-22 15:41:12,193 - INFO - Creating Searchlight object for LO left...
2024-10-22 15:41:12,420 - INFO - Searchlight object created.
2024-10-22 15:41:12,420 - INFO - Distributing data...
2024-10-22 15:42:35,096 - INFO - Data distribution completed.
2024-10-22 15:42:35,473 - INFO - Broadcasting LO time series and psychological covariate...
2024-10-22 15:42:35,473 - INFO - Broadcasting completed.
2024-10-22 15:42:35,474 - INFO - Starting searchlight analysis...
2024-10-22 19:51:56,948 - INFO - Searchlight analysis completed.
2024-10-22 19:51:56,950 - INFO - Memory usage after after searchlight: 85459.95 MB
2024-10-22 19:51:59,864 - INFO - Saved searchlight result to /lab_data/behrmannlab/vlad/ptoc/sub-094/ses-01//derivatives/gca/searchlight_result_object_runs12_LO_left.nii.gz
2024-10-22 19:52:02,061 - INFO - Processing LO left for run combination [1, 3] for subject sub-094
2024-10-22 19:52:02,086 - INFO - Loading run 1 from /lab_data/behrmannlab/vlad/hemispace/sub-094/ses-01/derivatives/fsl/loc/run-01/1stLevel.feat/filtered_func_data_reg.nii.gz
2024-10-22 19:52:03,097 - INFO - Functional image: shape=(176, 256, 256, 184), affine=
[[ 9.99649048e-01 -2.43077036e-02 -1.06134051e-02 -8.27148743e+01]
 [ 2.51934510e-02  9.95314658e-01  9.33492407e-02 -1.23590179e+02]
 [ 8.29457864e-03 -9.35837850e-02  9.95576859e-01 -1.05832512e+02]
 [ 0.00000000e+00  0.00000000e+00  0.00000000e+00  1.00000000e+00]]
2024-10-22 19:52:42,820 - INFO - Generated mask: shape=(176, 256, 256), affine=
[[ 9.99649048e-01 -2.43077036e-02 -1.06134051e-02 -8.27148743e+01]
 [ 2.51934510e-02  9.95314658e-01  9.33492407e-02 -1.23590179e+02]
 [ 8.29457864e-03 -9.35837850e-02  9.95576859e-01 -1.05832512e+02]
 [ 0.00000000e+00  0.00000000e+00  0.00000000e+00  1.00000000e+00]]
2024-10-22 19:53:44,827 - INFO - Cleaned data: shape=(176, 256, 256, 184), min=-9.511439323425293, max=11.762858390808105, mean=-1.7165582685305838e-12
2024-10-22 19:53:44,876 - INFO - Memory usage after after loading and cleaning run: 68419.36 MB
2024-10-22 19:53:45,577 - INFO - Loading run 3 from /lab_data/behrmannlab/vlad/hemispace/sub-094/ses-01/derivatives/fsl/loc/run-03/1stLevel.feat/filtered_func_data_reg.nii.gz
2024-10-22 19:53:45,979 - INFO - Functional image: shape=(176, 256, 256, 184), affine=
[[ 9.99649048e-01 -2.43077036e-02 -1.06134051e-02 -8.27148743e+01]
 [ 2.51934510e-02  9.95314658e-01  9.33492407e-02 -1.23590179e+02]
 [ 8.29457864e-03 -9.35837850e-02  9.95576859e-01 -1.05832512e+02]
 [ 0.00000000e+00  0.00000000e+00  0.00000000e+00  1.00000000e+00]]
2024-10-22 19:54:24,332 - INFO - Generated mask: shape=(176, 256, 256), affine=
[[ 9.99649048e-01 -2.43077036e-02 -1.06134051e-02 -8.27148743e+01]
 [ 2.51934510e-02  9.95314658e-01  9.33492407e-02 -1.23590179e+02]
 [ 8.29457864e-03 -9.35837850e-02  9.95576859e-01 -1.05832512e+02]
 [ 0.00000000e+00  0.00000000e+00  0.00000000e+00  1.00000000e+00]]
2024-10-22 19:55:29,400 - INFO - Cleaned data: shape=(176, 256, 256, 184), min=-9.77156925201416, max=11.221354484558105, mean=4.793396745281089e-13
2024-10-22 19:55:29,449 - INFO - Memory usage after after loading and cleaning run: 68419.36 MB
2024-10-22 19:56:01,890 - INFO - Concatenated data shape: (176, 256, 256, 368)
2024-10-22 19:56:02,463 - INFO - Memory usage after after concatenating runs: 84611.36 MB
2024-10-22 20:00:42,945 - INFO - Creating Searchlight object for LO left...
2024-10-22 20:00:43,622 - INFO - Searchlight object created.
2024-10-22 20:00:43,623 - INFO - Distributing data...
2024-10-22 20:02:11,475 - INFO - Data distribution completed.
2024-10-22 20:02:11,475 - INFO - Broadcasting LO time series and psychological covariate...
2024-10-22 20:02:11,476 - INFO - Broadcasting completed.
2024-10-22 20:02:11,476 - INFO - Starting searchlight analysis...
