Traceback (most recent call last):
  File "<string>", line 2, in <module>
ModuleNotFoundError: No module named 'brainiak.utils.fmriroi'
/home/csimmon2/anaconda3/envs/brainiak_env/lib/python3.7/site-packages/nilearn/__init__.py:67: FutureWarning: Python 3.7 support is deprecated and will be removed in release 0.12 of Nilearn. Consider switching to Python 3.9 or 3.10.
  _python_deprecation_warnings()
2024-10-16 18:53:34,751 - INFO - Running searchlight analysis with GCA for Object...
2024-10-16 18:53:34,773 - INFO - Processing pIPS left for run combination [1, 2] for subject sub-057
2024-10-16 18:53:34,773 - INFO - Loading run 1 from /lab_data/behrmannlab/vlad/hemispace/sub-057/ses-01/derivatives/fsl/loc/run-01/1stLevel.feat/filtered_func_data_reg.nii.gz
2024-10-16 18:53:34,782 - INFO - Functional image: shape=(176, 256, 256, 184), affine=
[[ 9.98748958e-01 -3.69351618e-02 -3.37602757e-02 -7.90089111e+01]
 [ 4.35439907e-02  9.73920584e-01  2.22671375e-01 -1.34343277e+02]
 [ 2.46554669e-02 -2.23862469e-01  9.74308789e-01 -1.18989662e+02]
 [ 0.00000000e+00  0.00000000e+00  0.00000000e+00  1.00000000e+00]]
2024-10-16 18:54:08,404 - INFO - Generated mask: shape=(176, 256, 256), affine=
[[ 9.98748958e-01 -3.69351618e-02 -3.37602757e-02 -7.90089111e+01]
 [ 4.35439907e-02  9.73920584e-01  2.22671375e-01 -1.34343277e+02]
 [ 2.46554669e-02 -2.23862469e-01  9.74308789e-01 -1.18989662e+02]
 [ 0.00000000e+00  0.00000000e+00  0.00000000e+00  1.00000000e+00]]
2024-10-16 18:54:56,062 - INFO - Cleaned data: shape=(176, 256, 256, 184), min=-11.830739974975586, max=12.323391914367676, mean=-1.3267190539456684e-12
2024-10-16 18:54:56,127 - INFO - Memory usage after after loading and cleaning run: 16400.49 MB
2024-10-16 18:54:56,127 - INFO - Loading run 2 from /lab_data/behrmannlab/vlad/hemispace/sub-057/ses-01/derivatives/fsl/loc/run-02/1stLevel.feat/filtered_func_data_reg.nii.gz
2024-10-16 18:54:56,132 - INFO - Functional image: shape=(176, 256, 256, 184), affine=
[[ 9.98748958e-01 -3.69351618e-02 -3.37602757e-02 -7.90089111e+01]
 [ 4.35439907e-02  9.73920584e-01  2.22671375e-01 -1.34343277e+02]
 [ 2.46554669e-02 -2.23862469e-01  9.74308789e-01 -1.18989662e+02]
 [ 0.00000000e+00  0.00000000e+00  0.00000000e+00  1.00000000e+00]]
