Traceback (most recent call last):
  File "<string>", line 2, in <module>
ModuleNotFoundError: No module named 'brainiak.utils.fmriroi'
/home/csimmon2/anaconda3/envs/brainiak_env/lib/python3.7/site-packages/nilearn/__init__.py:67: FutureWarning: Python 3.7 support is deprecated and will be removed in release 0.12 of Nilearn. Consider switching to Python 3.9 or 3.10.
  _python_deprecation_warnings()
2025-01-08 21:36:58,815 - INFO - Running searchlight analysis with GCA for nontool localizer...
2025-01-08 21:36:58,893 - INFO - Memory usage after start of ROI/hemi iteration: 142.31 MB
2025-01-08 21:36:58,933 - INFO - Memory usage after start of run combination: 142.31 MB
2025-01-08 21:36:58,934 - INFO - Processing pIPS left for run combination [1, 2] for subject sub-spaceloc1012
2025-01-08 21:36:59,136 - INFO - Functional image: shape=(208, 240, 256, 341), affine=
[[ 9.99633670e-01 -2.68912259e-02 -2.42246012e-03 -9.79729156e+01]
 [ 2.69825663e-02  9.91728306e-01  1.25486717e-01 -1.17756119e+02]
 [-9.72067588e-04 -1.25506327e-01  9.92092371e-01 -1.37988770e+02]
 [ 0.00000000e+00  0.00000000e+00  0.00000000e+00  1.00000000e+00]]
2025-01-08 21:38:08,813 - INFO - Generated mask: shape=(208, 240, 256), affine=
[[ 9.99633670e-01 -2.68912259e-02 -2.42246012e-03 -9.79729156e+01]
 [ 2.69825663e-02  9.91728306e-01  1.25486717e-01 -1.17756119e+02]
 [-9.72067588e-04 -1.25506327e-01  9.92092371e-01 -1.37988770e+02]
 [ 0.00000000e+00  0.00000000e+00  0.00000000e+00  1.00000000e+00]]
2025-01-08 21:40:08,092 - INFO - Cleaned data: shape=(208, 240, 256, 341), min=-11.499342918395996, max=10.76090145111084, mean=2.288812743698315e-12
2025-01-08 21:40:08,189 - INFO - Memory usage after after loading and cleaning run: 33462.02 MB
2025-01-08 21:40:08,189 - INFO - Memory usage after after loading analysis run: 33462.02 MB
2025-01-08 21:45:19,290 - INFO - Memory usage after after ROI extraction: 33466.32 MB
2025-01-08 21:45:19,290 - INFO - Creating Searchlight object for pIPS left...
2025-01-08 21:45:19,292 - INFO - Searchlight object created.
2025-01-08 21:45:19,292 - INFO - Distributing data...
2025-01-08 21:47:07,083 - INFO - Memory usage after after data distribution: 35625.50 MB
2025-01-08 21:47:07,083 - INFO - Broadcasting pIPS time series and psychological covariate...
2025-01-08 21:47:07,083 - INFO - Broadcasting completed.
2025-01-08 21:47:07,083 - INFO - Starting searchlight analysis...
2025-01-09 01:54:46,360 - INFO - Searchlight analysis completed.
2025-01-09 01:54:46,361 - INFO - Memory usage after after searchlight: 36551.87 MB
2025-01-09 01:54:48,016 - INFO - Saved searchlight result to /lab_data/behrmannlab/vlad/ptoc/sub-spaceloc1012/ses-01//derivatives/gca/searchlight_result_nontool_runs12_pIPS_left_1217.nii.gz
2025-01-09 01:54:48,839 - INFO - Memory usage after after cleanup: 20463.20 MB
2025-01-09 01:54:48,872 - INFO - Memory usage after start of run combination: 20463.20 MB
2025-01-09 01:54:48,872 - INFO - Processing pIPS left for run combination [2, 1] for subject sub-spaceloc1012
2025-01-09 01:54:49,068 - INFO - Functional image: shape=(208, 240, 256, 341), affine=
[[ 9.99633670e-01 -2.68912259e-02 -2.42246012e-03 -9.79729156e+01]
 [ 2.69825663e-02  9.91728306e-01  1.25486717e-01 -1.17756119e+02]
 [-9.72067588e-04 -1.25506327e-01  9.92092371e-01 -1.37988770e+02]
 [ 0.00000000e+00  0.00000000e+00  0.00000000e+00  1.00000000e+00]]
2025-01-09 01:55:57,568 - INFO - Generated mask: shape=(208, 240, 256), affine=
[[ 9.99633670e-01 -2.68912259e-02 -2.42246012e-03 -9.79729156e+01]
 [ 2.69825663e-02  9.91728306e-01  1.25486717e-01 -1.17756119e+02]
 [-9.72067588e-04 -1.25506327e-01  9.92092371e-01 -1.37988770e+02]
 [ 0.00000000e+00  0.00000000e+00  0.00000000e+00  1.00000000e+00]]
2025-01-09 01:58:04,966 - INFO - Cleaned data: shape=(208, 240, 256, 341), min=-9.865824699401855, max=13.637868881225586, mean=3.8115906990337585e-12
2025-01-09 01:58:05,054 - INFO - Memory usage after after loading and cleaning run: 53710.70 MB
2025-01-09 01:58:05,054 - INFO - Memory usage after after loading analysis run: 53710.70 MB
2025-01-09 02:02:55,528 - INFO - Memory usage after after ROI extraction: 53710.70 MB
2025-01-09 02:02:55,528 - INFO - Creating Searchlight object for pIPS left...
2025-01-09 02:02:55,530 - INFO - Searchlight object created.
2025-01-09 02:02:55,530 - INFO - Distributing data...
2025-01-09 02:04:32,223 - INFO - Memory usage after after data distribution: 35673.82 MB
2025-01-09 02:04:32,223 - INFO - Broadcasting pIPS time series and psychological covariate...
2025-01-09 02:04:32,223 - INFO - Broadcasting completed.
2025-01-09 02:04:32,223 - INFO - Starting searchlight analysis...
2025-01-09 06:13:09,303 - INFO - Searchlight analysis completed.
2025-01-09 06:13:09,304 - INFO - Memory usage after after searchlight: 36598.92 MB
2025-01-09 06:13:10,954 - INFO - Saved searchlight result to /lab_data/behrmannlab/vlad/ptoc/sub-spaceloc1012/ses-01//derivatives/gca/searchlight_result_nontool_runs21_pIPS_left_1217.nii.gz
2025-01-09 06:13:11,818 - INFO - Memory usage after after cleanup: 20475.18 MB
2025-01-09 06:13:11,855 - INFO - Memory usage after start of ROI/hemi iteration: 20475.18 MB
2025-01-09 06:13:11,889 - INFO - Memory usage after start of run combination: 20475.18 MB
2025-01-09 06:13:11,889 - INFO - Processing pIPS right for run combination [1, 2] for subject sub-spaceloc1012
2025-01-09 06:13:12,033 - INFO - Functional image: shape=(208, 240, 256, 341), affine=
[[ 9.99633670e-01 -2.68912259e-02 -2.42246012e-03 -9.79729156e+01]
 [ 2.69825663e-02  9.91728306e-01  1.25486717e-01 -1.17756119e+02]
 [-9.72067588e-04 -1.25506327e-01  9.92092371e-01 -1.37988770e+02]
 [ 0.00000000e+00  0.00000000e+00  0.00000000e+00  1.00000000e+00]]
2025-01-09 06:14:19,753 - INFO - Generated mask: shape=(208, 240, 256), affine=
[[ 9.99633670e-01 -2.68912259e-02 -2.42246012e-03 -9.79729156e+01]
 [ 2.69825663e-02  9.91728306e-01  1.25486717e-01 -1.17756119e+02]
 [-9.72067588e-04 -1.25506327e-01  9.92092371e-01 -1.37988770e+02]
 [ 0.00000000e+00  0.00000000e+00  0.00000000e+00  1.00000000e+00]]
2025-01-09 06:16:20,300 - INFO - Cleaned data: shape=(208, 240, 256, 341), min=-11.499342918395996, max=10.76090145111084, mean=2.288812743698315e-12
2025-01-09 06:16:20,417 - INFO - Memory usage after after loading and cleaning run: 53722.68 MB
2025-01-09 06:16:20,417 - INFO - Memory usage after after loading analysis run: 53722.68 MB
2025-01-09 06:21:17,282 - INFO - Memory usage after after ROI extraction: 53722.68 MB
2025-01-09 06:21:17,283 - INFO - Creating Searchlight object for pIPS right...
2025-01-09 06:21:17,284 - INFO - Searchlight object created.
2025-01-09 06:21:17,284 - INFO - Distributing data...
2025-01-09 06:22:42,935 - INFO - Memory usage after after data distribution: 35637.96 MB
2025-01-09 06:22:42,936 - INFO - Broadcasting pIPS time series and psychological covariate...
2025-01-09 06:22:42,936 - INFO - Broadcasting completed.
2025-01-09 06:22:42,936 - INFO - Starting searchlight analysis...
2025-01-09 10:31:36,038 - INFO - Searchlight analysis completed.
2025-01-09 10:31:36,039 - INFO - Memory usage after after searchlight: 36563.39 MB
2025-01-09 10:31:37,697 - INFO - Saved searchlight result to /lab_data/behrmannlab/vlad/ptoc/sub-spaceloc1012/ses-01//derivatives/gca/searchlight_result_nontool_runs12_pIPS_right_1217.nii.gz
2025-01-09 10:31:38,472 - INFO - Memory usage after after cleanup: 20475.68 MB
2025-01-09 10:31:38,505 - INFO - Memory usage after start of run combination: 20475.68 MB
2025-01-09 10:31:38,505 - INFO - Processing pIPS right for run combination [2, 1] for subject sub-spaceloc1012
2025-01-09 10:31:38,627 - INFO - Functional image: shape=(208, 240, 256, 341), affine=
[[ 9.99633670e-01 -2.68912259e-02 -2.42246012e-03 -9.79729156e+01]
 [ 2.69825663e-02  9.91728306e-01  1.25486717e-01 -1.17756119e+02]
 [-9.72067588e-04 -1.25506327e-01  9.92092371e-01 -1.37988770e+02]
 [ 0.00000000e+00  0.00000000e+00  0.00000000e+00  1.00000000e+00]]
2025-01-09 10:32:45,118 - INFO - Generated mask: shape=(208, 240, 256), affine=
[[ 9.99633670e-01 -2.68912259e-02 -2.42246012e-03 -9.79729156e+01]
 [ 2.69825663e-02  9.91728306e-01  1.25486717e-01 -1.17756119e+02]
 [-9.72067588e-04 -1.25506327e-01  9.92092371e-01 -1.37988770e+02]
 [ 0.00000000e+00  0.00000000e+00  0.00000000e+00  1.00000000e+00]]
2025-01-09 10:34:44,817 - INFO - Cleaned data: shape=(208, 240, 256, 341), min=-9.865824699401855, max=13.637868881225586, mean=3.8115906990337585e-12
2025-01-09 10:34:44,923 - INFO - Memory usage after after loading and cleaning run: 53723.18 MB
2025-01-09 10:34:44,923 - INFO - Memory usage after after loading analysis run: 53723.18 MB
2025-01-09 10:39:41,680 - INFO - Memory usage after after ROI extraction: 53722.93 MB
2025-01-09 10:39:41,680 - INFO - Creating Searchlight object for pIPS right...
2025-01-09 10:39:41,682 - INFO - Searchlight object created.
2025-01-09 10:39:41,682 - INFO - Distributing data...
2025-01-09 10:41:07,434 - INFO - Memory usage after after data distribution: 35673.66 MB
2025-01-09 10:41:07,435 - INFO - Broadcasting pIPS time series and psychological covariate...
2025-01-09 10:41:07,435 - INFO - Broadcasting completed.
2025-01-09 10:41:07,435 - INFO - Starting searchlight analysis...
2025-01-09 14:48:45,419 - INFO - Searchlight analysis completed.
2025-01-09 14:48:45,420 - INFO - Memory usage after after searchlight: 36598.99 MB
2025-01-09 14:48:47,252 - INFO - Saved searchlight result to /lab_data/behrmannlab/vlad/ptoc/sub-spaceloc1012/ses-01//derivatives/gca/searchlight_result_nontool_runs21_pIPS_right_1217.nii.gz
2025-01-09 14:48:48,018 - INFO - Memory usage after after cleanup: 20447.37 MB
2025-01-09 14:48:48,051 - INFO - Memory usage after start of ROI/hemi iteration: 20447.37 MB
2025-01-09 14:48:48,081 - INFO - Memory usage after start of run combination: 20447.37 MB
2025-01-09 14:48:48,081 - INFO - Processing LO left for run combination [1, 2] for subject sub-spaceloc1012
2025-01-09 14:48:48,434 - INFO - Functional image: shape=(208, 240, 256, 341), affine=
[[ 9.99633670e-01 -2.68912259e-02 -2.42246012e-03 -9.79729156e+01]
 [ 2.69825663e-02  9.91728306e-01  1.25486717e-01 -1.17756119e+02]
 [-9.72067588e-04 -1.25506327e-01  9.92092371e-01 -1.37988770e+02]
 [ 0.00000000e+00  0.00000000e+00  0.00000000e+00  1.00000000e+00]]
2025-01-09 14:49:55,616 - INFO - Generated mask: shape=(208, 240, 256), affine=
[[ 9.99633670e-01 -2.68912259e-02 -2.42246012e-03 -9.79729156e+01]
 [ 2.69825663e-02  9.91728306e-01  1.25486717e-01 -1.17756119e+02]
 [-9.72067588e-04 -1.25506327e-01  9.92092371e-01 -1.37988770e+02]
 [ 0.00000000e+00  0.00000000e+00  0.00000000e+00  1.00000000e+00]]
2025-01-09 14:51:55,473 - INFO - Cleaned data: shape=(208, 240, 256, 341), min=-11.499342918395996, max=10.76090145111084, mean=2.288812743698315e-12
2025-01-09 14:51:55,580 - INFO - Memory usage after after loading and cleaning run: 53694.88 MB
2025-01-09 14:51:55,580 - INFO - Memory usage after after loading analysis run: 53694.88 MB
2025-01-09 14:56:58,726 - INFO - Memory usage after after ROI extraction: 53694.62 MB
2025-01-09 14:56:58,726 - INFO - Creating Searchlight object for LO left...
2025-01-09 14:56:58,728 - INFO - Searchlight object created.
2025-01-09 14:56:58,728 - INFO - Distributing data...
2025-01-09 14:58:24,898 - INFO - Memory usage after after data distribution: 35638.08 MB
2025-01-09 14:58:24,898 - INFO - Broadcasting LO time series and psychological covariate...
2025-01-09 14:58:24,898 - INFO - Broadcasting completed.
2025-01-09 14:58:24,899 - INFO - Starting searchlight analysis...
