Traceback (most recent call last):
  File "<string>", line 2, in <module>
ModuleNotFoundError: No module named 'brainiak.utils.fmriroi'
/home/csimmon2/anaconda3/envs/brainiak_env/lib/python3.7/site-packages/nilearn/__init__.py:67: FutureWarning: Python 3.7 support is deprecated and will be removed in release 0.12 of Nilearn. Consider switching to Python 3.9 or 3.10.
  _python_deprecation_warnings()
2024-10-16 19:03:34,792 - INFO - Running searchlight analysis with GCA for Object...
2024-10-16 19:03:34,816 - INFO - Processing pIPS left for run combination [1, 2] for subject sub-059
2024-10-16 19:03:34,816 - INFO - Loading run 1 from /lab_data/behrmannlab/vlad/hemispace/sub-059/ses-01/derivatives/fsl/loc/run-01/1stLevel.feat/filtered_func_data_reg.nii.gz
2024-10-16 19:03:34,839 - INFO - Functional image: shape=(176, 256, 256, 184), affine=
[[ 9.96673822e-01 -4.36919071e-02 -6.88571930e-02 -7.18619614e+01]
 [ 4.99191247e-02  9.94555533e-01  9.14734229e-02 -1.26680222e+02]
 [ 6.44859448e-02 -9.46060270e-02  9.93423998e-01 -1.42824875e+02]
 [ 0.00000000e+00  0.00000000e+00  0.00000000e+00  1.00000000e+00]]
2024-10-16 19:04:13,589 - INFO - Generated mask: shape=(176, 256, 256), affine=
[[ 9.96673822e-01 -4.36919071e-02 -6.88571930e-02 -7.18619614e+01]
 [ 4.99191247e-02  9.94555533e-01  9.14734229e-02 -1.26680222e+02]
 [ 6.44859448e-02 -9.46060270e-02  9.93423998e-01 -1.42824875e+02]
 [ 0.00000000e+00  0.00000000e+00  0.00000000e+00  1.00000000e+00]]
2024-10-16 19:05:05,047 - INFO - Cleaned data: shape=(176, 256, 256, 184), min=-9.934612274169922, max=11.697129249572754, mean=2.892156211490002e-13
2024-10-16 19:05:05,115 - INFO - Memory usage after after loading and cleaning run: 16396.26 MB
2024-10-16 19:05:05,115 - INFO - Loading run 2 from /lab_data/behrmannlab/vlad/hemispace/sub-059/ses-01/derivatives/fsl/loc/run-02/1stLevel.feat/filtered_func_data_reg.nii.gz
2024-10-16 19:05:05,124 - INFO - Functional image: shape=(176, 256, 256, 184), affine=
[[ 9.96673822e-01 -4.36919071e-02 -6.88571930e-02 -7.18619614e+01]
 [ 4.99191247e-02  9.94555533e-01  9.14734229e-02 -1.26680222e+02]
 [ 6.44859448e-02 -9.46060270e-02  9.93423998e-01 -1.42824875e+02]
 [ 0.00000000e+00  0.00000000e+00  0.00000000e+00  1.00000000e+00]]
2024-10-16 19:05:44,110 - INFO - Generated mask: shape=(176, 256, 256), affine=
[[ 9.96673822e-01 -4.36919071e-02 -6.88571930e-02 -7.18619614e+01]
 [ 4.99191247e-02  9.94555533e-01  9.14734229e-02 -1.26680222e+02]
 [ 6.44859448e-02 -9.46060270e-02  9.93423998e-01 -1.42824875e+02]
 [ 0.00000000e+00  0.00000000e+00  0.00000000e+00  1.00000000e+00]]
2024-10-16 19:06:35,314 - INFO - Cleaned data: shape=(176, 256, 256, 184), min=-10.761148452758789, max=12.080982208251953, mean=-1.571188670940314e-12
2024-10-16 19:06:35,386 - INFO - Memory usage after after loading and cleaning run: 32602.71 MB
2024-10-16 19:06:54,449 - INFO - Concatenated data shape: (176, 256, 256, 368)
2024-10-16 19:06:54,536 - INFO - Memory usage after after concatenating runs: 48794.71 MB
2024-10-16 19:10:47,722 - INFO - Creating Searchlight object for pIPS left...
2024-10-16 19:10:47,726 - INFO - Searchlight object created.
2024-10-16 19:10:47,726 - INFO - Distributing data...
2024-10-16 19:12:19,910 - INFO - Data distribution completed.
2024-10-16 19:12:19,911 - INFO - Broadcasting pIPS time series and psychological covariate...
2024-10-16 19:12:19,911 - INFO - Broadcasting completed.
2024-10-16 19:12:19,911 - INFO - Starting searchlight analysis...
2024-10-16 23:15:25,704 - INFO - Searchlight analysis completed.
2024-10-16 23:15:25,705 - INFO - Memory usage after after searchlight: 84979.10 MB
2024-10-16 23:15:27,546 - INFO - Saved searchlight result to /lab_data/behrmannlab/vlad/ptoc/sub-059/ses-01//derivatives/gca/searchlight_result_object_runs12_pIPS_left.nii.gz
2024-10-16 23:15:28,859 - INFO - Processing pIPS left for run combination [1, 3] for subject sub-059
2024-10-16 23:15:28,861 - INFO - Loading run 1 from /lab_data/behrmannlab/vlad/hemispace/sub-059/ses-01/derivatives/fsl/loc/run-01/1stLevel.feat/filtered_func_data_reg.nii.gz
2024-10-16 23:15:29,027 - INFO - Functional image: shape=(176, 256, 256, 184), affine=
[[ 9.96673822e-01 -4.36919071e-02 -6.88571930e-02 -7.18619614e+01]
 [ 4.99191247e-02  9.94555533e-01  9.14734229e-02 -1.26680222e+02]
 [ 6.44859448e-02 -9.46060270e-02  9.93423998e-01 -1.42824875e+02]
 [ 0.00000000e+00  0.00000000e+00  0.00000000e+00  1.00000000e+00]]
2024-10-16 23:16:08,370 - INFO - Generated mask: shape=(176, 256, 256), affine=
[[ 9.96673822e-01 -4.36919071e-02 -6.88571930e-02 -7.18619614e+01]
 [ 4.99191247e-02  9.94555533e-01  9.14734229e-02 -1.26680222e+02]
 [ 6.44859448e-02 -9.46060270e-02  9.93423998e-01 -1.42824875e+02]
 [ 0.00000000e+00  0.00000000e+00  0.00000000e+00  1.00000000e+00]]
2024-10-16 23:17:02,451 - INFO - Cleaned data: shape=(176, 256, 256, 184), min=-9.934612274169922, max=11.697129249572754, mean=2.892156211490002e-13
2024-10-16 23:17:02,498 - INFO - Memory usage after after loading and cleaning run: 67939.93 MB
2024-10-16 23:17:02,540 - INFO - Loading run 3 from /lab_data/behrmannlab/vlad/hemispace/sub-059/ses-01/derivatives/fsl/loc/run-03/1stLevel.feat/filtered_func_data_reg.nii.gz
2024-10-16 23:17:02,705 - INFO - Functional image: shape=(176, 256, 256, 184), affine=
[[ 9.96673822e-01 -4.36919071e-02 -6.88571930e-02 -7.18619614e+01]
 [ 4.99191247e-02  9.94555533e-01  9.14734229e-02 -1.26680222e+02]
 [ 6.44859448e-02 -9.46060270e-02  9.93423998e-01 -1.42824875e+02]
 [ 0.00000000e+00  0.00000000e+00  0.00000000e+00  1.00000000e+00]]
2024-10-16 23:17:39,401 - INFO - Generated mask: shape=(176, 256, 256), affine=
[[ 9.96673822e-01 -4.36919071e-02 -6.88571930e-02 -7.18619614e+01]
 [ 4.99191247e-02  9.94555533e-01  9.14734229e-02 -1.26680222e+02]
 [ 6.44859448e-02 -9.46060270e-02  9.93423998e-01 -1.42824875e+02]
 [ 0.00000000e+00  0.00000000e+00  0.00000000e+00  1.00000000e+00]]
2024-10-16 23:18:30,286 - INFO - Cleaned data: shape=(176, 256, 256, 184), min=-12.566880226135254, max=12.83137321472168, mean=-2.660178291963717e-13
2024-10-16 23:18:30,345 - INFO - Memory usage after after loading and cleaning run: 67851.93 MB
2024-10-16 23:18:58,345 - INFO - Concatenated data shape: (176, 256, 256, 368)
2024-10-16 23:18:58,836 - INFO - Memory usage after after concatenating runs: 84043.93 MB
2024-10-16 23:23:55,881 - INFO - Creating Searchlight object for pIPS left...
2024-10-16 23:23:56,747 - INFO - Searchlight object created.
2024-10-16 23:23:56,747 - INFO - Distributing data...
2024-10-16 23:25:23,586 - INFO - Data distribution completed.
2024-10-16 23:25:23,586 - INFO - Broadcasting pIPS time series and psychological covariate...
2024-10-16 23:25:23,587 - INFO - Broadcasting completed.
2024-10-16 23:25:23,587 - INFO - Starting searchlight analysis...
2024-10-17 03:32:36,482 - INFO - Searchlight analysis completed.
2024-10-17 03:32:36,483 - INFO - Memory usage after after searchlight: 85051.40 MB
2024-10-17 03:32:38,333 - INFO - Saved searchlight result to /lab_data/behrmannlab/vlad/ptoc/sub-059/ses-01//derivatives/gca/searchlight_result_object_runs13_pIPS_left.nii.gz
2024-10-17 03:32:40,454 - INFO - Processing pIPS left for run combination [2, 3] for subject sub-059
2024-10-17 03:32:40,456 - INFO - Loading run 2 from /lab_data/behrmannlab/vlad/hemispace/sub-059/ses-01/derivatives/fsl/loc/run-02/1stLevel.feat/filtered_func_data_reg.nii.gz
2024-10-17 03:32:40,635 - INFO - Functional image: shape=(176, 256, 256, 184), affine=
[[ 9.96673822e-01 -4.36919071e-02 -6.88571930e-02 -7.18619614e+01]
 [ 4.99191247e-02  9.94555533e-01  9.14734229e-02 -1.26680222e+02]
 [ 6.44859448e-02 -9.46060270e-02  9.93423998e-01 -1.42824875e+02]
 [ 0.00000000e+00  0.00000000e+00  0.00000000e+00  1.00000000e+00]]
2024-10-17 03:33:19,571 - INFO - Generated mask: shape=(176, 256, 256), affine=
[[ 9.96673822e-01 -4.36919071e-02 -6.88571930e-02 -7.18619614e+01]
 [ 4.99191247e-02  9.94555533e-01  9.14734229e-02 -1.26680222e+02]
 [ 6.44859448e-02 -9.46060270e-02  9.93423998e-01 -1.42824875e+02]
 [ 0.00000000e+00  0.00000000e+00  0.00000000e+00  1.00000000e+00]]
2024-10-17 03:34:10,939 - INFO - Cleaned data: shape=(176, 256, 256, 184), min=-10.761148452758789, max=12.080982208251953, mean=-1.571188670940314e-12
2024-10-17 03:34:10,986 - INFO - Memory usage after after loading and cleaning run: 68010.74 MB
2024-10-17 03:34:11,135 - INFO - Loading run 3 from /lab_data/behrmannlab/vlad/hemispace/sub-059/ses-01/derivatives/fsl/loc/run-03/1stLevel.feat/filtered_func_data_reg.nii.gz
2024-10-17 03:34:11,261 - INFO - Functional image: shape=(176, 256, 256, 184), affine=
[[ 9.96673822e-01 -4.36919071e-02 -6.88571930e-02 -7.18619614e+01]
 [ 4.99191247e-02  9.94555533e-01  9.14734229e-02 -1.26680222e+02]
 [ 6.44859448e-02 -9.46060270e-02  9.93423998e-01 -1.42824875e+02]
 [ 0.00000000e+00  0.00000000e+00  0.00000000e+00  1.00000000e+00]]
2024-10-17 03:34:49,472 - INFO - Generated mask: shape=(176, 256, 256), affine=
[[ 9.96673822e-01 -4.36919071e-02 -6.88571930e-02 -7.18619614e+01]
 [ 4.99191247e-02  9.94555533e-01  9.14734229e-02 -1.26680222e+02]
 [ 6.44859448e-02 -9.46060270e-02  9.93423998e-01 -1.42824875e+02]
 [ 0.00000000e+00  0.00000000e+00  0.00000000e+00  1.00000000e+00]]
2024-10-17 03:35:41,573 - INFO - Cleaned data: shape=(176, 256, 256, 184), min=-12.566880226135254, max=12.83137321472168, mean=-2.660178291963717e-13
2024-10-17 03:35:41,620 - INFO - Memory usage after after loading and cleaning run: 68010.74 MB
2024-10-17 03:36:07,515 - INFO - Concatenated data shape: (176, 256, 256, 368)
2024-10-17 03:36:07,928 - INFO - Memory usage after after concatenating runs: 84202.74 MB
2024-10-17 03:40:46,239 - INFO - Creating Searchlight object for pIPS left...
2024-10-17 03:40:47,428 - INFO - Searchlight object created.
2024-10-17 03:40:47,428 - INFO - Distributing data...
2024-10-17 03:42:18,590 - INFO - Data distribution completed.
2024-10-17 03:42:18,591 - INFO - Broadcasting pIPS time series and psychological covariate...
2024-10-17 03:42:18,591 - INFO - Broadcasting completed.
2024-10-17 03:42:18,591 - INFO - Starting searchlight analysis...
2024-10-17 07:50:48,372 - INFO - Searchlight analysis completed.
2024-10-17 07:50:48,373 - INFO - Memory usage after after searchlight: 85067.97 MB
2024-10-17 07:50:50,300 - INFO - Saved searchlight result to /lab_data/behrmannlab/vlad/ptoc/sub-059/ses-01//derivatives/gca/searchlight_result_object_runs23_pIPS_left.nii.gz
2024-10-17 07:50:52,066 - INFO - Processing pIPS right for run combination [1, 2] for subject sub-059
2024-10-17 07:50:52,067 - INFO - Loading run 1 from /lab_data/behrmannlab/vlad/hemispace/sub-059/ses-01/derivatives/fsl/loc/run-01/1stLevel.feat/filtered_func_data_reg.nii.gz
2024-10-17 07:50:52,284 - INFO - Functional image: shape=(176, 256, 256, 184), affine=
[[ 9.96673822e-01 -4.36919071e-02 -6.88571930e-02 -7.18619614e+01]
 [ 4.99191247e-02  9.94555533e-01  9.14734229e-02 -1.26680222e+02]
 [ 6.44859448e-02 -9.46060270e-02  9.93423998e-01 -1.42824875e+02]
 [ 0.00000000e+00  0.00000000e+00  0.00000000e+00  1.00000000e+00]]
2024-10-17 07:51:31,017 - INFO - Generated mask: shape=(176, 256, 256), affine=
[[ 9.96673822e-01 -4.36919071e-02 -6.88571930e-02 -7.18619614e+01]
 [ 4.99191247e-02  9.94555533e-01  9.14734229e-02 -1.26680222e+02]
 [ 6.44859448e-02 -9.46060270e-02  9.93423998e-01 -1.42824875e+02]
 [ 0.00000000e+00  0.00000000e+00  0.00000000e+00  1.00000000e+00]]
2024-10-17 07:52:22,525 - INFO - Cleaned data: shape=(176, 256, 256, 184), min=-9.934612274169922, max=11.697129249572754, mean=2.892156211490002e-13
2024-10-17 07:52:22,572 - INFO - Memory usage after after loading and cleaning run: 68027.31 MB
2024-10-17 07:52:22,959 - INFO - Loading run 2 from /lab_data/behrmannlab/vlad/hemispace/sub-059/ses-01/derivatives/fsl/loc/run-02/1stLevel.feat/filtered_func_data_reg.nii.gz
2024-10-17 07:52:23,202 - INFO - Functional image: shape=(176, 256, 256, 184), affine=
[[ 9.96673822e-01 -4.36919071e-02 -6.88571930e-02 -7.18619614e+01]
 [ 4.99191247e-02  9.94555533e-01  9.14734229e-02 -1.26680222e+02]
 [ 6.44859448e-02 -9.46060270e-02  9.93423998e-01 -1.42824875e+02]
 [ 0.00000000e+00  0.00000000e+00  0.00000000e+00  1.00000000e+00]]
2024-10-17 07:53:01,090 - INFO - Generated mask: shape=(176, 256, 256), affine=
[[ 9.96673822e-01 -4.36919071e-02 -6.88571930e-02 -7.18619614e+01]
 [ 4.99191247e-02  9.94555533e-01  9.14734229e-02 -1.26680222e+02]
 [ 6.44859448e-02 -9.46060270e-02  9.93423998e-01 -1.42824875e+02]
 [ 0.00000000e+00  0.00000000e+00  0.00000000e+00  1.00000000e+00]]
2024-10-17 07:53:53,528 - INFO - Cleaned data: shape=(176, 256, 256, 184), min=-10.761148452758789, max=12.080982208251953, mean=-1.571188670940314e-12
2024-10-17 07:53:53,588 - INFO - Memory usage after after loading and cleaning run: 68027.31 MB
2024-10-17 07:54:19,232 - INFO - Concatenated data shape: (176, 256, 256, 368)
2024-10-17 07:54:19,628 - INFO - Memory usage after after concatenating runs: 84219.31 MB
2024-10-17 07:58:54,469 - INFO - Creating Searchlight object for pIPS right...
2024-10-17 07:58:54,485 - INFO - Searchlight object created.
2024-10-17 07:58:54,485 - INFO - Distributing data...
2024-10-17 08:00:21,968 - INFO - Data distribution completed.
2024-10-17 08:00:21,969 - INFO - Broadcasting pIPS time series and psychological covariate...
2024-10-17 08:00:21,969 - INFO - Broadcasting completed.
2024-10-17 08:00:21,969 - INFO - Starting searchlight analysis...
2024-10-17 12:06:32,270 - INFO - Searchlight analysis completed.
2024-10-17 12:06:32,271 - INFO - Memory usage after after searchlight: 85098.35 MB
2024-10-17 12:06:34,107 - INFO - Saved searchlight result to /lab_data/behrmannlab/vlad/ptoc/sub-059/ses-01//derivatives/gca/searchlight_result_object_runs12_pIPS_right.nii.gz
2024-10-17 12:06:35,873 - INFO - Processing pIPS right for run combination [1, 3] for subject sub-059
2024-10-17 12:06:35,874 - INFO - Loading run 1 from /lab_data/behrmannlab/vlad/hemispace/sub-059/ses-01/derivatives/fsl/loc/run-01/1stLevel.feat/filtered_func_data_reg.nii.gz
2024-10-17 12:06:36,132 - INFO - Functional image: shape=(176, 256, 256, 184), affine=
[[ 9.96673822e-01 -4.36919071e-02 -6.88571930e-02 -7.18619614e+01]
 [ 4.99191247e-02  9.94555533e-01  9.14734229e-02 -1.26680222e+02]
 [ 6.44859448e-02 -9.46060270e-02  9.93423998e-01 -1.42824875e+02]
 [ 0.00000000e+00  0.00000000e+00  0.00000000e+00  1.00000000e+00]]
2024-10-17 12:07:22,765 - INFO - Generated mask: shape=(176, 256, 256), affine=
[[ 9.96673822e-01 -4.36919071e-02 -6.88571930e-02 -7.18619614e+01]
 [ 4.99191247e-02  9.94555533e-01  9.14734229e-02 -1.26680222e+02]
 [ 6.44859448e-02 -9.46060270e-02  9.93423998e-01 -1.42824875e+02]
 [ 0.00000000e+00  0.00000000e+00  0.00000000e+00  1.00000000e+00]]
2024-10-17 12:09:08,116 - INFO - Cleaned data: shape=(176, 256, 256, 184), min=-9.934612274169922, max=11.697129249572754, mean=2.892156211490002e-13
2024-10-17 12:09:08,175 - INFO - Memory usage after after loading and cleaning run: 68058.85 MB
2024-10-17 12:09:08,605 - INFO - Loading run 3 from /lab_data/behrmannlab/vlad/hemispace/sub-059/ses-01/derivatives/fsl/loc/run-03/1stLevel.feat/filtered_func_data_reg.nii.gz
2024-10-17 12:09:08,753 - INFO - Functional image: shape=(176, 256, 256, 184), affine=
[[ 9.96673822e-01 -4.36919071e-02 -6.88571930e-02 -7.18619614e+01]
 [ 4.99191247e-02  9.94555533e-01  9.14734229e-02 -1.26680222e+02]
 [ 6.44859448e-02 -9.46060270e-02  9.93423998e-01 -1.42824875e+02]
 [ 0.00000000e+00  0.00000000e+00  0.00000000e+00  1.00000000e+00]]
2024-10-17 12:09:50,013 - INFO - Generated mask: shape=(176, 256, 256), affine=
[[ 9.96673822e-01 -4.36919071e-02 -6.88571930e-02 -7.18619614e+01]
 [ 4.99191247e-02  9.94555533e-01  9.14734229e-02 -1.26680222e+02]
 [ 6.44859448e-02 -9.46060270e-02  9.93423998e-01 -1.42824875e+02]
 [ 0.00000000e+00  0.00000000e+00  0.00000000e+00  1.00000000e+00]]
2024-10-17 12:11:30,816 - INFO - Cleaned data: shape=(176, 256, 256, 184), min=-12.566880226135254, max=12.83137321472168, mean=-2.660178291963717e-13
2024-10-17 12:11:30,862 - INFO - Memory usage after after loading and cleaning run: 68058.85 MB
2024-10-17 12:12:03,789 - INFO - Concatenated data shape: (176, 256, 256, 368)
2024-10-17 12:12:04,736 - INFO - Memory usage after after concatenating runs: 84250.85 MB
2024-10-17 12:17:03,579 - INFO - Creating Searchlight object for pIPS right...
2024-10-17 12:17:03,586 - INFO - Searchlight object created.
2024-10-17 12:17:03,596 - INFO - Distributing data...
2024-10-17 12:18:29,090 - INFO - Data distribution completed.
2024-10-17 12:18:29,090 - INFO - Broadcasting pIPS time series and psychological covariate...
2024-10-17 12:18:29,090 - INFO - Broadcasting completed.
2024-10-17 12:18:29,090 - INFO - Starting searchlight analysis...
2024-10-17 16:26:49,404 - INFO - Searchlight analysis completed.
2024-10-17 16:26:49,405 - INFO - Memory usage after after searchlight: 85099.54 MB
2024-10-17 16:26:51,328 - INFO - Saved searchlight result to /lab_data/behrmannlab/vlad/ptoc/sub-059/ses-01//derivatives/gca/searchlight_result_object_runs13_pIPS_right.nii.gz
2024-10-17 16:26:53,605 - INFO - Processing pIPS right for run combination [2, 3] for subject sub-059
2024-10-17 16:26:53,605 - INFO - Loading run 2 from /lab_data/behrmannlab/vlad/hemispace/sub-059/ses-01/derivatives/fsl/loc/run-02/1stLevel.feat/filtered_func_data_reg.nii.gz
2024-10-17 16:26:53,732 - INFO - Functional image: shape=(176, 256, 256, 184), affine=
[[ 9.96673822e-01 -4.36919071e-02 -6.88571930e-02 -7.18619614e+01]
 [ 4.99191247e-02  9.94555533e-01  9.14734229e-02 -1.26680222e+02]
 [ 6.44859448e-02 -9.46060270e-02  9.93423998e-01 -1.42824875e+02]
 [ 0.00000000e+00  0.00000000e+00  0.00000000e+00  1.00000000e+00]]
2024-10-17 16:27:35,420 - INFO - Generated mask: shape=(176, 256, 256), affine=
[[ 9.96673822e-01 -4.36919071e-02 -6.88571930e-02 -7.18619614e+01]
 [ 4.99191247e-02  9.94555533e-01  9.14734229e-02 -1.26680222e+02]
 [ 6.44859448e-02 -9.46060270e-02  9.93423998e-01 -1.42824875e+02]
 [ 0.00000000e+00  0.00000000e+00  0.00000000e+00  1.00000000e+00]]
2024-10-17 16:29:16,600 - INFO - Cleaned data: shape=(176, 256, 256, 184), min=-10.761148452758789, max=12.080982208251953, mean=-1.571188670940314e-12
2024-10-17 16:29:16,646 - INFO - Memory usage after after loading and cleaning run: 68058.63 MB
2024-10-17 16:29:17,228 - INFO - Loading run 3 from /lab_data/behrmannlab/vlad/hemispace/sub-059/ses-01/derivatives/fsl/loc/run-03/1stLevel.feat/filtered_func_data_reg.nii.gz
2024-10-17 16:29:17,375 - INFO - Functional image: shape=(176, 256, 256, 184), affine=
[[ 9.96673822e-01 -4.36919071e-02 -6.88571930e-02 -7.18619614e+01]
 [ 4.99191247e-02  9.94555533e-01  9.14734229e-02 -1.26680222e+02]
 [ 6.44859448e-02 -9.46060270e-02  9.93423998e-01 -1.42824875e+02]
 [ 0.00000000e+00  0.00000000e+00  0.00000000e+00  1.00000000e+00]]
2024-10-17 16:29:57,274 - INFO - Generated mask: shape=(176, 256, 256), affine=
[[ 9.96673822e-01 -4.36919071e-02 -6.88571930e-02 -7.18619614e+01]
 [ 4.99191247e-02  9.94555533e-01  9.14734229e-02 -1.26680222e+02]
 [ 6.44859448e-02 -9.46060270e-02  9.93423998e-01 -1.42824875e+02]
 [ 0.00000000e+00  0.00000000e+00  0.00000000e+00  1.00000000e+00]]
2024-10-17 16:31:37,591 - INFO - Cleaned data: shape=(176, 256, 256, 184), min=-12.566880226135254, max=12.83137321472168, mean=-2.660178291963717e-13
2024-10-17 16:31:37,639 - INFO - Memory usage after after loading and cleaning run: 68058.63 MB
2024-10-17 16:32:10,580 - INFO - Concatenated data shape: (176, 256, 256, 368)
2024-10-17 16:32:11,503 - INFO - Memory usage after after concatenating runs: 84250.63 MB
2024-10-17 16:36:54,241 - INFO - Creating Searchlight object for pIPS right...
2024-10-17 16:36:54,251 - INFO - Searchlight object created.
2024-10-17 16:36:54,251 - INFO - Distributing data...
2024-10-17 16:38:16,233 - INFO - Data distribution completed.
2024-10-17 16:38:16,233 - INFO - Broadcasting pIPS time series and psychological covariate...
2024-10-17 16:38:16,234 - INFO - Broadcasting completed.
2024-10-17 16:38:16,234 - INFO - Starting searchlight analysis...
2024-10-17 20:47:50,758 - INFO - Searchlight analysis completed.
2024-10-17 20:47:50,772 - INFO - Memory usage after after searchlight: 85098.90 MB
2024-10-17 20:47:53,332 - INFO - Saved searchlight result to /lab_data/behrmannlab/vlad/ptoc/sub-059/ses-01//derivatives/gca/searchlight_result_object_runs23_pIPS_right.nii.gz
2024-10-17 20:47:55,499 - INFO - Processing LO left for run combination [1, 2] for subject sub-059
2024-10-17 20:47:55,538 - INFO - Loading run 1 from /lab_data/behrmannlab/vlad/hemispace/sub-059/ses-01/derivatives/fsl/loc/run-01/1stLevel.feat/filtered_func_data_reg.nii.gz
2024-10-17 20:47:56,325 - INFO - Functional image: shape=(176, 256, 256, 184), affine=
[[ 9.96673822e-01 -4.36919071e-02 -6.88571930e-02 -7.18619614e+01]
 [ 4.99191247e-02  9.94555533e-01  9.14734229e-02 -1.26680222e+02]
 [ 6.44859448e-02 -9.46060270e-02  9.93423998e-01 -1.42824875e+02]
 [ 0.00000000e+00  0.00000000e+00  0.00000000e+00  1.00000000e+00]]
2024-10-17 20:48:37,414 - INFO - Generated mask: shape=(176, 256, 256), affine=
[[ 9.96673822e-01 -4.36919071e-02 -6.88571930e-02 -7.18619614e+01]
 [ 4.99191247e-02  9.94555533e-01  9.14734229e-02 -1.26680222e+02]
 [ 6.44859448e-02 -9.46060270e-02  9.93423998e-01 -1.42824875e+02]
 [ 0.00000000e+00  0.00000000e+00  0.00000000e+00  1.00000000e+00]]
2024-10-17 20:50:06,941 - INFO - Cleaned data: shape=(176, 256, 256, 184), min=-9.934612274169922, max=11.697129249572754, mean=2.892156211490002e-13
2024-10-17 20:50:07,088 - INFO - Memory usage after after loading and cleaning run: 68058.24 MB
2024-10-17 20:50:07,833 - INFO - Loading run 2 from /lab_data/behrmannlab/vlad/hemispace/sub-059/ses-01/derivatives/fsl/loc/run-02/1stLevel.feat/filtered_func_data_reg.nii.gz
2024-10-17 20:50:08,517 - INFO - Functional image: shape=(176, 256, 256, 184), affine=
[[ 9.96673822e-01 -4.36919071e-02 -6.88571930e-02 -7.18619614e+01]
 [ 4.99191247e-02  9.94555533e-01  9.14734229e-02 -1.26680222e+02]
 [ 6.44859448e-02 -9.46060270e-02  9.93423998e-01 -1.42824875e+02]
 [ 0.00000000e+00  0.00000000e+00  0.00000000e+00  1.00000000e+00]]
2024-10-17 20:50:49,606 - INFO - Generated mask: shape=(176, 256, 256), affine=
[[ 9.96673822e-01 -4.36919071e-02 -6.88571930e-02 -7.18619614e+01]
 [ 4.99191247e-02  9.94555533e-01  9.14734229e-02 -1.26680222e+02]
 [ 6.44859448e-02 -9.46060270e-02  9.93423998e-01 -1.42824875e+02]
 [ 0.00000000e+00  0.00000000e+00  0.00000000e+00  1.00000000e+00]]
2024-10-17 20:52:20,120 - INFO - Cleaned data: shape=(176, 256, 256, 184), min=-10.761148452758789, max=12.080982208251953, mean=-1.571188670940314e-12
2024-10-17 20:52:20,175 - INFO - Memory usage after after loading and cleaning run: 68058.24 MB
2024-10-17 20:52:52,993 - INFO - Concatenated data shape: (176, 256, 256, 368)
2024-10-17 20:52:53,706 - INFO - Memory usage after after concatenating runs: 84250.24 MB
2024-10-17 20:57:43,536 - INFO - Creating Searchlight object for LO left...
2024-10-17 20:57:44,342 - INFO - Searchlight object created.
2024-10-17 20:57:44,342 - INFO - Distributing data...
2024-10-17 20:59:08,122 - INFO - Data distribution completed.
2024-10-17 20:59:08,125 - INFO - Broadcasting LO time series and psychological covariate...
2024-10-17 20:59:08,125 - INFO - Broadcasting completed.
2024-10-17 20:59:08,125 - INFO - Starting searchlight analysis...
2024-10-18 01:08:54,776 - INFO - Searchlight analysis completed.
2024-10-18 01:08:54,777 - INFO - Memory usage after after searchlight: 85098.70 MB
2024-10-18 01:08:57,585 - INFO - Saved searchlight result to /lab_data/behrmannlab/vlad/ptoc/sub-059/ses-01//derivatives/gca/searchlight_result_object_runs12_LO_left.nii.gz
2024-10-18 01:08:59,920 - INFO - Processing LO left for run combination [1, 3] for subject sub-059
2024-10-18 01:09:00,085 - INFO - Loading run 1 from /lab_data/behrmannlab/vlad/hemispace/sub-059/ses-01/derivatives/fsl/loc/run-01/1stLevel.feat/filtered_func_data_reg.nii.gz
2024-10-18 01:09:00,441 - INFO - Functional image: shape=(176, 256, 256, 184), affine=
[[ 9.96673822e-01 -4.36919071e-02 -6.88571930e-02 -7.18619614e+01]
 [ 4.99191247e-02  9.94555533e-01  9.14734229e-02 -1.26680222e+02]
 [ 6.44859448e-02 -9.46060270e-02  9.93423998e-01 -1.42824875e+02]
 [ 0.00000000e+00  0.00000000e+00  0.00000000e+00  1.00000000e+00]]
2024-10-18 01:09:38,666 - INFO - Generated mask: shape=(176, 256, 256), affine=
[[ 9.96673822e-01 -4.36919071e-02 -6.88571930e-02 -7.18619614e+01]
 [ 4.99191247e-02  9.94555533e-01  9.14734229e-02 -1.26680222e+02]
 [ 6.44859448e-02 -9.46060270e-02  9.93423998e-01 -1.42824875e+02]
 [ 0.00000000e+00  0.00000000e+00  0.00000000e+00  1.00000000e+00]]
2024-10-18 01:10:31,392 - INFO - Cleaned data: shape=(176, 256, 256, 184), min=-9.934612274169922, max=11.697129249572754, mean=2.892156211490002e-13
2024-10-18 01:10:31,565 - INFO - Memory usage after after loading and cleaning run: 68058.95 MB
2024-10-18 01:10:32,468 - INFO - Loading run 3 from /lab_data/behrmannlab/vlad/hemispace/sub-059/ses-01/derivatives/fsl/loc/run-03/1stLevel.feat/filtered_func_data_reg.nii.gz
2024-10-18 01:10:32,772 - INFO - Functional image: shape=(176, 256, 256, 184), affine=
[[ 9.96673822e-01 -4.36919071e-02 -6.88571930e-02 -7.18619614e+01]
 [ 4.99191247e-02  9.94555533e-01  9.14734229e-02 -1.26680222e+02]
 [ 6.44859448e-02 -9.46060270e-02  9.93423998e-01 -1.42824875e+02]
 [ 0.00000000e+00  0.00000000e+00  0.00000000e+00  1.00000000e+00]]
2024-10-18 01:11:10,897 - INFO - Generated mask: shape=(176, 256, 256), affine=
[[ 9.96673822e-01 -4.36919071e-02 -6.88571930e-02 -7.18619614e+01]
 [ 4.99191247e-02  9.94555533e-01  9.14734229e-02 -1.26680222e+02]
 [ 6.44859448e-02 -9.46060270e-02  9.93423998e-01 -1.42824875e+02]
 [ 0.00000000e+00  0.00000000e+00  0.00000000e+00  1.00000000e+00]]
2024-10-18 01:12:06,325 - INFO - Cleaned data: shape=(176, 256, 256, 184), min=-12.566880226135254, max=12.83137321472168, mean=-2.660178291963717e-13
2024-10-18 01:12:06,372 - INFO - Memory usage after after loading and cleaning run: 68058.95 MB
2024-10-18 01:12:40,099 - INFO - Concatenated data shape: (176, 256, 256, 368)
2024-10-18 01:12:40,831 - INFO - Memory usage after after concatenating runs: 84250.95 MB
2024-10-18 01:17:17,915 - INFO - Creating Searchlight object for LO left...
2024-10-18 01:17:17,927 - INFO - Searchlight object created.
2024-10-18 01:17:17,927 - INFO - Distributing data...
2024-10-18 01:18:38,824 - INFO - Data distribution completed.
2024-10-18 01:18:38,824 - INFO - Broadcasting LO time series and psychological covariate...
2024-10-18 01:18:38,825 - INFO - Broadcasting completed.
2024-10-18 01:18:38,825 - INFO - Starting searchlight analysis...
2024-10-18 05:29:14,815 - INFO - Searchlight analysis completed.
2024-10-18 05:29:14,816 - INFO - Memory usage after after searchlight: 85031.08 MB
2024-10-18 05:29:16,931 - INFO - Saved searchlight result to /lab_data/behrmannlab/vlad/ptoc/sub-059/ses-01//derivatives/gca/searchlight_result_object_runs13_LO_left.nii.gz
2024-10-18 05:29:19,126 - INFO - Processing LO left for run combination [2, 3] for subject sub-059
2024-10-18 05:29:19,182 - INFO - Loading run 2 from /lab_data/behrmannlab/vlad/hemispace/sub-059/ses-01/derivatives/fsl/loc/run-02/1stLevel.feat/filtered_func_data_reg.nii.gz
2024-10-18 05:29:19,398 - INFO - Functional image: shape=(176, 256, 256, 184), affine=
[[ 9.96673822e-01 -4.36919071e-02 -6.88571930e-02 -7.18619614e+01]
 [ 4.99191247e-02  9.94555533e-01  9.14734229e-02 -1.26680222e+02]
 [ 6.44859448e-02 -9.46060270e-02  9.93423998e-01 -1.42824875e+02]
 [ 0.00000000e+00  0.00000000e+00  0.00000000e+00  1.00000000e+00]]
2024-10-18 05:29:58,698 - INFO - Generated mask: shape=(176, 256, 256), affine=
[[ 9.96673822e-01 -4.36919071e-02 -6.88571930e-02 -7.18619614e+01]
 [ 4.99191247e-02  9.94555533e-01  9.14734229e-02 -1.26680222e+02]
 [ 6.44859448e-02 -9.46060270e-02  9.93423998e-01 -1.42824875e+02]
 [ 0.00000000e+00  0.00000000e+00  0.00000000e+00  1.00000000e+00]]
2024-10-18 05:30:59,984 - INFO - Cleaned data: shape=(176, 256, 256, 184), min=-10.761148452758789, max=12.080982208251953, mean=-1.571188670940314e-12
2024-10-18 05:31:00,030 - INFO - Memory usage after after loading and cleaning run: 67990.17 MB
2024-10-18 05:31:01,018 - INFO - Loading run 3 from /lab_data/behrmannlab/vlad/hemispace/sub-059/ses-01/derivatives/fsl/loc/run-03/1stLevel.feat/filtered_func_data_reg.nii.gz
2024-10-18 05:31:01,253 - INFO - Functional image: shape=(176, 256, 256, 184), affine=
[[ 9.96673822e-01 -4.36919071e-02 -6.88571930e-02 -7.18619614e+01]
 [ 4.99191247e-02  9.94555533e-01  9.14734229e-02 -1.26680222e+02]
 [ 6.44859448e-02 -9.46060270e-02  9.93423998e-01 -1.42824875e+02]
 [ 0.00000000e+00  0.00000000e+00  0.00000000e+00  1.00000000e+00]]
2024-10-18 05:31:40,275 - INFO - Generated mask: shape=(176, 256, 256), affine=
[[ 9.96673822e-01 -4.36919071e-02 -6.88571930e-02 -7.18619614e+01]
 [ 4.99191247e-02  9.94555533e-01  9.14734229e-02 -1.26680222e+02]
 [ 6.44859448e-02 -9.46060270e-02  9.93423998e-01 -1.42824875e+02]
 [ 0.00000000e+00  0.00000000e+00  0.00000000e+00  1.00000000e+00]]
2024-10-18 05:32:46,102 - INFO - Cleaned data: shape=(176, 256, 256, 184), min=-12.566880226135254, max=12.83137321472168, mean=-2.660178291963717e-13
2024-10-18 05:32:46,148 - INFO - Memory usage after after loading and cleaning run: 67990.17 MB
2024-10-18 05:33:17,056 - INFO - Concatenated data shape: (176, 256, 256, 368)
2024-10-18 05:33:17,697 - INFO - Memory usage after after concatenating runs: 84182.17 MB
2024-10-18 05:38:06,341 - INFO - Creating Searchlight object for LO left...
2024-10-18 05:38:06,987 - INFO - Searchlight object created.
2024-10-18 05:38:06,987 - INFO - Distributing data...
2024-10-18 05:39:28,996 - INFO - Data distribution completed.
2024-10-18 05:39:28,996 - INFO - Broadcasting LO time series and psychological covariate...
2024-10-18 05:39:28,996 - INFO - Broadcasting completed.
2024-10-18 05:39:28,996 - INFO - Starting searchlight analysis...
2024-10-18 09:50:31,445 - INFO - Searchlight analysis completed.
2024-10-18 09:50:31,446 - INFO - Memory usage after after searchlight: 85084.64 MB
2024-10-18 09:50:33,539 - INFO - Saved searchlight result to /lab_data/behrmannlab/vlad/ptoc/sub-059/ses-01//derivatives/gca/searchlight_result_object_runs23_LO_left.nii.gz
2024-10-18 09:50:35,805 - INFO - Processing LO right for run combination [1, 2] for subject sub-059
2024-10-18 09:50:35,806 - INFO - Loading run 1 from /lab_data/behrmannlab/vlad/hemispace/sub-059/ses-01/derivatives/fsl/loc/run-01/1stLevel.feat/filtered_func_data_reg.nii.gz
2024-10-18 09:50:36,074 - INFO - Functional image: shape=(176, 256, 256, 184), affine=
[[ 9.96673822e-01 -4.36919071e-02 -6.88571930e-02 -7.18619614e+01]
 [ 4.99191247e-02  9.94555533e-01  9.14734229e-02 -1.26680222e+02]
 [ 6.44859448e-02 -9.46060270e-02  9.93423998e-01 -1.42824875e+02]
 [ 0.00000000e+00  0.00000000e+00  0.00000000e+00  1.00000000e+00]]
2024-10-18 09:51:14,319 - INFO - Generated mask: shape=(176, 256, 256), affine=
[[ 9.96673822e-01 -4.36919071e-02 -6.88571930e-02 -7.18619614e+01]
 [ 4.99191247e-02  9.94555533e-01  9.14734229e-02 -1.26680222e+02]
 [ 6.44859448e-02 -9.46060270e-02  9.93423998e-01 -1.42824875e+02]
 [ 0.00000000e+00  0.00000000e+00  0.00000000e+00  1.00000000e+00]]
2024-10-18 09:52:06,216 - INFO - Cleaned data: shape=(176, 256, 256, 184), min=-9.934612274169922, max=11.697129249572754, mean=2.892156211490002e-13
2024-10-18 09:52:06,262 - INFO - Memory usage after after loading and cleaning run: 68043.23 MB
2024-10-18 09:52:07,346 - INFO - Loading run 2 from /lab_data/behrmannlab/vlad/hemispace/sub-059/ses-01/derivatives/fsl/loc/run-02/1stLevel.feat/filtered_func_data_reg.nii.gz
2024-10-18 09:52:07,455 - INFO - Functional image: shape=(176, 256, 256, 184), affine=
[[ 9.96673822e-01 -4.36919071e-02 -6.88571930e-02 -7.18619614e+01]
 [ 4.99191247e-02  9.94555533e-01  9.14734229e-02 -1.26680222e+02]
 [ 6.44859448e-02 -9.46060270e-02  9.93423998e-01 -1.42824875e+02]
 [ 0.00000000e+00  0.00000000e+00  0.00000000e+00  1.00000000e+00]]
2024-10-18 09:52:45,806 - INFO - Generated mask: shape=(176, 256, 256), affine=
[[ 9.96673822e-01 -4.36919071e-02 -6.88571930e-02 -7.18619614e+01]
 [ 4.99191247e-02  9.94555533e-01  9.14734229e-02 -1.26680222e+02]
 [ 6.44859448e-02 -9.46060270e-02  9.93423998e-01 -1.42824875e+02]
 [ 0.00000000e+00  0.00000000e+00  0.00000000e+00  1.00000000e+00]]
2024-10-18 09:53:41,871 - INFO - Cleaned data: shape=(176, 256, 256, 184), min=-10.761148452758789, max=12.080982208251953, mean=-1.571188670940314e-12
2024-10-18 09:53:41,918 - INFO - Memory usage after after loading and cleaning run: 68043.23 MB
2024-10-18 09:54:16,112 - INFO - Concatenated data shape: (176, 256, 256, 368)
2024-10-18 09:54:16,792 - INFO - Memory usage after after concatenating runs: 84235.23 MB
2024-10-18 09:58:58,605 - INFO - Creating Searchlight object for LO right...
2024-10-18 09:58:58,616 - INFO - Searchlight object created.
2024-10-18 09:58:58,616 - INFO - Distributing data...
2024-10-18 10:00:17,995 - INFO - Data distribution completed.
2024-10-18 10:00:17,996 - INFO - Broadcasting LO time series and psychological covariate...
2024-10-18 10:00:17,996 - INFO - Broadcasting completed.
2024-10-18 10:00:17,996 - INFO - Starting searchlight analysis...
