Traceback (most recent call last):
  File "<string>", line 2, in <module>
ModuleNotFoundError: No module named 'brainiak.utils.fmriroi'
/home/csimmon2/anaconda3/envs/brainiak_env/lib/python3.7/site-packages/nilearn/__init__.py:67: FutureWarning: Python 3.7 support is deprecated and will be removed in release 0.12 of Nilearn. Consider switching to Python 3.9 or 3.10.
  _python_deprecation_warnings()
2025-01-08 21:23:49,123 - INFO - Running searchlight analysis with GCA for nontool localizer...
2025-01-08 21:23:49,216 - INFO - Memory usage after start of ROI/hemi iteration: 142.32 MB
2025-01-08 21:23:49,249 - INFO - Memory usage after start of run combination: 142.32 MB
2025-01-08 21:23:49,249 - INFO - Processing pIPS left for run combination [1, 2] for subject sub-spaceloc1010
2025-01-08 21:23:49,491 - INFO - Functional image: shape=(208, 240, 256, 341), affine=
[[ 9.98817623e-01 -1.29146278e-02 -4.68586534e-02 -9.70467224e+01]
 [ 1.65977441e-02  9.96729910e-01  7.90833682e-02 -1.10643188e+02]
 [ 4.56840619e-02 -7.97676519e-02  9.95766103e-01 -1.21894188e+02]
 [ 0.00000000e+00  0.00000000e+00  0.00000000e+00  1.00000000e+00]]
2025-01-08 21:25:17,001 - INFO - Generated mask: shape=(208, 240, 256), affine=
[[ 9.98817623e-01 -1.29146278e-02 -4.68586534e-02 -9.70467224e+01]
 [ 1.65977441e-02  9.96729910e-01  7.90833682e-02 -1.10643188e+02]
 [ 4.56840619e-02 -7.97676519e-02  9.95766103e-01 -1.21894188e+02]
 [ 0.00000000e+00  0.00000000e+00  0.00000000e+00  1.00000000e+00]]
2025-01-08 21:27:43,783 - INFO - Cleaned data: shape=(208, 240, 256, 341), min=-13.429178237915039, max=13.94739055633545, mean=8.300415029946197e-13
2025-01-08 21:27:44,379 - INFO - Memory usage after after loading and cleaning run: 33458.29 MB
2025-01-08 21:27:44,379 - INFO - Memory usage after after loading analysis run: 33458.29 MB
2025-01-08 21:32:03,623 - INFO - Memory usage after after ROI extraction: 33460.12 MB
2025-01-08 21:32:03,623 - INFO - Creating Searchlight object for pIPS left...
2025-01-08 21:32:03,625 - INFO - Searchlight object created.
2025-01-08 21:32:03,625 - INFO - Distributing data...
2025-01-08 21:33:27,469 - INFO - Memory usage after after data distribution: 36218.82 MB
2025-01-08 21:33:27,469 - INFO - Broadcasting pIPS time series and psychological covariate...
2025-01-08 21:33:27,470 - INFO - Broadcasting completed.
2025-01-08 21:33:27,470 - INFO - Starting searchlight analysis...
2025-01-09 01:59:14,961 - INFO - Searchlight analysis completed.
2025-01-09 01:59:14,962 - INFO - Memory usage after after searchlight: 37149.64 MB
2025-01-09 01:59:16,685 - INFO - Saved searchlight result to /lab_data/behrmannlab/vlad/ptoc/sub-spaceloc1010/ses-01//derivatives/gca/searchlight_result_nontool_runs12_pIPS_left_1217.nii.gz
2025-01-09 01:59:17,710 - INFO - Memory usage after after cleanup: 20735.26 MB
2025-01-09 01:59:17,738 - INFO - Memory usage after start of run combination: 20735.26 MB
2025-01-09 01:59:17,738 - INFO - Processing pIPS left for run combination [2, 1] for subject sub-spaceloc1010
2025-01-09 01:59:18,046 - INFO - Functional image: shape=(208, 240, 256, 341), affine=
[[ 9.98817623e-01 -1.29146278e-02 -4.68586534e-02 -9.70467224e+01]
 [ 1.65977441e-02  9.96729910e-01  7.90833682e-02 -1.10643188e+02]
 [ 4.56840619e-02 -7.97676519e-02  9.95766103e-01 -1.21894188e+02]
 [ 0.00000000e+00  0.00000000e+00  0.00000000e+00  1.00000000e+00]]
2025-01-09 02:00:41,738 - INFO - Generated mask: shape=(208, 240, 256), affine=
[[ 9.98817623e-01 -1.29146278e-02 -4.68586534e-02 -9.70467224e+01]
 [ 1.65977441e-02  9.96729910e-01  7.90833682e-02 -1.10643188e+02]
 [ 4.56840619e-02 -7.97676519e-02  9.95766103e-01 -1.21894188e+02]
 [ 0.00000000e+00  0.00000000e+00  0.00000000e+00  1.00000000e+00]]
2025-01-09 02:03:06,862 - INFO - Cleaned data: shape=(208, 240, 256, 341), min=-12.507290840148926, max=13.702102661132812, mean=2.4314343288420023e-12
2025-01-09 02:03:07,074 - INFO - Memory usage after after loading and cleaning run: 53982.76 MB
2025-01-09 02:03:07,075 - INFO - Memory usage after after loading analysis run: 53982.76 MB
2025-01-09 02:07:55,859 - INFO - Memory usage after after ROI extraction: 53980.75 MB
2025-01-09 02:07:55,859 - INFO - Creating Searchlight object for pIPS left...
2025-01-09 02:07:55,861 - INFO - Searchlight object created.
2025-01-09 02:07:55,861 - INFO - Distributing data...
2025-01-09 02:09:09,342 - INFO - Memory usage after after data distribution: 35829.51 MB
2025-01-09 02:09:09,342 - INFO - Broadcasting pIPS time series and psychological covariate...
2025-01-09 02:09:09,342 - INFO - Broadcasting completed.
2025-01-09 02:09:09,343 - INFO - Starting searchlight analysis...
2025-01-09 06:32:28,482 - INFO - Searchlight analysis completed.
2025-01-09 06:32:28,483 - INFO - Memory usage after after searchlight: 36756.59 MB
2025-01-09 06:32:30,157 - INFO - Saved searchlight result to /lab_data/behrmannlab/vlad/ptoc/sub-spaceloc1010/ses-01//derivatives/gca/searchlight_result_nontool_runs21_pIPS_left_1217.nii.gz
2025-01-09 06:32:30,297 - INFO - Memory usage after after cleanup: 20766.95 MB
2025-01-09 06:32:30,324 - INFO - Memory usage after start of ROI/hemi iteration: 20766.95 MB
2025-01-09 06:32:30,348 - INFO - Memory usage after start of run combination: 20766.95 MB
2025-01-09 06:32:30,348 - INFO - Processing pIPS right for run combination [1, 2] for subject sub-spaceloc1010
2025-01-09 06:32:30,475 - INFO - Functional image: shape=(208, 240, 256, 341), affine=
[[ 9.98817623e-01 -1.29146278e-02 -4.68586534e-02 -9.70467224e+01]
 [ 1.65977441e-02  9.96729910e-01  7.90833682e-02 -1.10643188e+02]
 [ 4.56840619e-02 -7.97676519e-02  9.95766103e-01 -1.21894188e+02]
 [ 0.00000000e+00  0.00000000e+00  0.00000000e+00  1.00000000e+00]]
2025-01-09 06:33:55,678 - INFO - Generated mask: shape=(208, 240, 256), affine=
[[ 9.98817623e-01 -1.29146278e-02 -4.68586534e-02 -9.70467224e+01]
 [ 1.65977441e-02  9.96729910e-01  7.90833682e-02 -1.10643188e+02]
 [ 4.56840619e-02 -7.97676519e-02  9.95766103e-01 -1.21894188e+02]
 [ 0.00000000e+00  0.00000000e+00  0.00000000e+00  1.00000000e+00]]
2025-01-09 06:36:20,778 - INFO - Cleaned data: shape=(208, 240, 256, 341), min=-13.429178237915039, max=13.94739055633545, mean=8.300415029946197e-13
2025-01-09 06:36:21,652 - INFO - Memory usage after after loading and cleaning run: 54014.46 MB
2025-01-09 06:36:21,652 - INFO - Memory usage after after loading analysis run: 54014.46 MB
2025-01-09 06:40:42,533 - INFO - Memory usage after after ROI extraction: 54005.54 MB
2025-01-09 06:40:42,533 - INFO - Creating Searchlight object for pIPS right...
2025-01-09 06:40:42,535 - INFO - Searchlight object created.
2025-01-09 06:40:42,535 - INFO - Distributing data...
2025-01-09 06:41:51,336 - INFO - Memory usage after after data distribution: 36213.49 MB
2025-01-09 06:41:51,337 - INFO - Broadcasting pIPS time series and psychological covariate...
2025-01-09 06:41:51,337 - INFO - Broadcasting completed.
2025-01-09 06:41:51,337 - INFO - Starting searchlight analysis...
2025-01-09 11:06:33,481 - INFO - Searchlight analysis completed.
2025-01-09 11:06:33,481 - INFO - Memory usage after after searchlight: 37143.58 MB
2025-01-09 11:06:35,189 - INFO - Saved searchlight result to /lab_data/behrmannlab/vlad/ptoc/sub-spaceloc1010/ses-01//derivatives/gca/searchlight_result_nontool_runs12_pIPS_right_1217.nii.gz
2025-01-09 11:06:35,972 - INFO - Memory usage after after cleanup: 20730.23 MB
2025-01-09 11:06:36,000 - INFO - Memory usage after start of run combination: 20730.23 MB
2025-01-09 11:06:36,000 - INFO - Processing pIPS right for run combination [2, 1] for subject sub-spaceloc1010
2025-01-09 11:06:36,294 - INFO - Functional image: shape=(208, 240, 256, 341), affine=
[[ 9.98817623e-01 -1.29146278e-02 -4.68586534e-02 -9.70467224e+01]
 [ 1.65977441e-02  9.96729910e-01  7.90833682e-02 -1.10643188e+02]
 [ 4.56840619e-02 -7.97676519e-02  9.95766103e-01 -1.21894188e+02]
 [ 0.00000000e+00  0.00000000e+00  0.00000000e+00  1.00000000e+00]]
2025-01-09 11:07:47,390 - INFO - Generated mask: shape=(208, 240, 256), affine=
[[ 9.98817623e-01 -1.29146278e-02 -4.68586534e-02 -9.70467224e+01]
 [ 1.65977441e-02  9.96729910e-01  7.90833682e-02 -1.10643188e+02]
 [ 4.56840619e-02 -7.97676519e-02  9.95766103e-01 -1.21894188e+02]
 [ 0.00000000e+00  0.00000000e+00  0.00000000e+00  1.00000000e+00]]
2025-01-09 11:09:42,279 - INFO - Cleaned data: shape=(208, 240, 256, 341), min=-12.507290840148926, max=13.702102661132812, mean=2.4314343288420023e-12
2025-01-09 11:09:42,421 - INFO - Memory usage after after loading and cleaning run: 53979.67 MB
2025-01-09 11:09:42,421 - INFO - Memory usage after after loading analysis run: 53979.67 MB
2025-01-09 11:13:30,946 - INFO - Memory usage after after ROI extraction: 53979.67 MB
2025-01-09 11:13:30,946 - INFO - Creating Searchlight object for pIPS right...
2025-01-09 11:13:30,948 - INFO - Searchlight object created.
2025-01-09 11:13:30,948 - INFO - Distributing data...
2025-01-09 11:14:37,971 - INFO - Memory usage after after data distribution: 35830.25 MB
2025-01-09 11:14:37,971 - INFO - Broadcasting pIPS time series and psychological covariate...
2025-01-09 11:14:37,972 - INFO - Broadcasting completed.
2025-01-09 11:14:37,972 - INFO - Starting searchlight analysis...
2025-01-09 15:37:26,757 - INFO - Searchlight analysis completed.
2025-01-09 15:37:26,758 - INFO - Memory usage after after searchlight: 36757.23 MB
2025-01-09 15:37:28,461 - INFO - Saved searchlight result to /lab_data/behrmannlab/vlad/ptoc/sub-spaceloc1010/ses-01//derivatives/gca/searchlight_result_nontool_runs21_pIPS_right_1217.nii.gz
2025-01-09 15:37:29,241 - INFO - Memory usage after after cleanup: 20775.23 MB
2025-01-09 15:37:29,268 - INFO - Memory usage after start of ROI/hemi iteration: 20775.23 MB
2025-01-09 15:37:29,293 - INFO - Memory usage after start of run combination: 20775.23 MB
2025-01-09 15:37:29,293 - INFO - Processing LO left for run combination [1, 2] for subject sub-spaceloc1010
2025-01-09 15:37:29,552 - INFO - Functional image: shape=(208, 240, 256, 341), affine=
[[ 9.98817623e-01 -1.29146278e-02 -4.68586534e-02 -9.70467224e+01]
 [ 1.65977441e-02  9.96729910e-01  7.90833682e-02 -1.10643188e+02]
 [ 4.56840619e-02 -7.97676519e-02  9.95766103e-01 -1.21894188e+02]
 [ 0.00000000e+00  0.00000000e+00  0.00000000e+00  1.00000000e+00]]
2025-01-09 15:38:41,596 - INFO - Generated mask: shape=(208, 240, 256), affine=
[[ 9.98817623e-01 -1.29146278e-02 -4.68586534e-02 -9.70467224e+01]
 [ 1.65977441e-02  9.96729910e-01  7.90833682e-02 -1.10643188e+02]
 [ 4.56840619e-02 -7.97676519e-02  9.95766103e-01 -1.21894188e+02]
 [ 0.00000000e+00  0.00000000e+00  0.00000000e+00  1.00000000e+00]]
2025-01-09 15:40:36,535 - INFO - Cleaned data: shape=(208, 240, 256, 341), min=-13.429178237915039, max=13.94739055633545, mean=8.300415029946197e-13
2025-01-09 15:40:36,684 - INFO - Memory usage after after loading and cleaning run: 54022.24 MB
2025-01-09 15:40:36,684 - INFO - Memory usage after after loading analysis run: 54022.24 MB
2025-01-09 15:44:23,953 - INFO - Memory usage after after ROI extraction: 54022.27 MB
2025-01-09 15:44:23,953 - INFO - Creating Searchlight object for LO left...
2025-01-09 15:44:23,955 - INFO - Searchlight object created.
2025-01-09 15:44:23,955 - INFO - Distributing data...
2025-01-09 15:45:31,695 - INFO - Memory usage after after data distribution: 36215.52 MB
2025-01-09 15:45:31,695 - INFO - Broadcasting LO time series and psychological covariate...
2025-01-09 15:45:31,695 - INFO - Broadcasting completed.
2025-01-09 15:45:31,696 - INFO - Starting searchlight analysis...
2025-01-09 20:09:32,320 - INFO - Searchlight analysis completed.
2025-01-09 20:09:32,321 - INFO - Memory usage after after searchlight: 37145.54 MB
2025-01-09 20:09:41,481 - INFO - Saved searchlight result to /lab_data/behrmannlab/vlad/ptoc/sub-spaceloc1010/ses-01//derivatives/gca/searchlight_result_nontool_runs12_LO_left_1217.nii.gz
2025-01-09 20:09:42,302 - INFO - Memory usage after after cleanup: 20732.19 MB
2025-01-09 20:09:42,330 - INFO - Memory usage after start of run combination: 20732.19 MB
2025-01-09 20:09:42,330 - INFO - Processing LO left for run combination [2, 1] for subject sub-spaceloc1010
2025-01-09 20:09:44,597 - INFO - Functional image: shape=(208, 240, 256, 341), affine=
[[ 9.98817623e-01 -1.29146278e-02 -4.68586534e-02 -9.70467224e+01]
 [ 1.65977441e-02  9.96729910e-01  7.90833682e-02 -1.10643188e+02]
 [ 4.56840619e-02 -7.97676519e-02  9.95766103e-01 -1.21894188e+02]
 [ 0.00000000e+00  0.00000000e+00  0.00000000e+00  1.00000000e+00]]
2025-01-09 20:10:56,305 - INFO - Generated mask: shape=(208, 240, 256), affine=
[[ 9.98817623e-01 -1.29146278e-02 -4.68586534e-02 -9.70467224e+01]
 [ 1.65977441e-02  9.96729910e-01  7.90833682e-02 -1.10643188e+02]
 [ 4.56840619e-02 -7.97676519e-02  9.95766103e-01 -1.21894188e+02]
 [ 0.00000000e+00  0.00000000e+00  0.00000000e+00  1.00000000e+00]]
2025-01-09 20:12:51,384 - INFO - Cleaned data: shape=(208, 240, 256, 341), min=-12.507290840148926, max=13.702102661132812, mean=2.4314343288420023e-12
2025-01-09 20:12:51,529 - INFO - Memory usage after after loading and cleaning run: 53979.44 MB
2025-01-09 20:12:51,529 - INFO - Memory usage after after loading analysis run: 53979.44 MB
2025-01-09 20:16:41,900 - INFO - Memory usage after after ROI extraction: 53979.44 MB
2025-01-09 20:16:41,901 - INFO - Creating Searchlight object for LO left...
2025-01-09 20:16:41,903 - INFO - Searchlight object created.
2025-01-09 20:16:41,903 - INFO - Distributing data...
2025-01-09 20:17:49,107 - INFO - Memory usage after after data distribution: 35837.40 MB
2025-01-09 20:17:49,107 - INFO - Broadcasting LO time series and psychological covariate...
2025-01-09 20:17:49,107 - INFO - Broadcasting completed.
2025-01-09 20:17:49,107 - INFO - Starting searchlight analysis...
2025-01-10 00:41:27,606 - INFO - Searchlight analysis completed.
2025-01-10 00:41:27,607 - INFO - Memory usage after after searchlight: 36764.37 MB
2025-01-10 00:41:33,769 - INFO - Saved searchlight result to /lab_data/behrmannlab/vlad/ptoc/sub-spaceloc1010/ses-01//derivatives/gca/searchlight_result_nontool_runs21_LO_left_1217.nii.gz
2025-01-10 00:41:34,549 - INFO - Memory usage after after cleanup: 20774.98 MB
2025-01-10 00:41:34,577 - INFO - Memory usage after start of ROI/hemi iteration: 20774.98 MB
2025-01-10 00:41:34,601 - INFO - Memory usage after start of run combination: 20774.98 MB
2025-01-10 00:41:34,601 - INFO - Processing LO right for run combination [1, 2] for subject sub-spaceloc1010
2025-01-10 00:41:35,056 - INFO - Functional image: shape=(208, 240, 256, 341), affine=
[[ 9.98817623e-01 -1.29146278e-02 -4.68586534e-02 -9.70467224e+01]
 [ 1.65977441e-02  9.96729910e-01  7.90833682e-02 -1.10643188e+02]
 [ 4.56840619e-02 -7.97676519e-02  9.95766103e-01 -1.21894188e+02]
 [ 0.00000000e+00  0.00000000e+00  0.00000000e+00  1.00000000e+00]]
2025-01-10 00:42:46,544 - INFO - Generated mask: shape=(208, 240, 256), affine=
[[ 9.98817623e-01 -1.29146278e-02 -4.68586534e-02 -9.70467224e+01]
 [ 1.65977441e-02  9.96729910e-01  7.90833682e-02 -1.10643188e+02]
 [ 4.56840619e-02 -7.97676519e-02  9.95766103e-01 -1.21894188e+02]
 [ 0.00000000e+00  0.00000000e+00  0.00000000e+00  1.00000000e+00]]
2025-01-10 00:44:41,502 - INFO - Cleaned data: shape=(208, 240, 256, 341), min=-13.429178237915039, max=13.94739055633545, mean=8.300415029946197e-13
2025-01-10 00:44:41,650 - INFO - Memory usage after after loading and cleaning run: 54022.49 MB
2025-01-10 00:44:41,650 - INFO - Memory usage after after loading analysis run: 54022.49 MB
2025-01-10 00:48:29,790 - INFO - Memory usage after after ROI extraction: 54022.27 MB
2025-01-10 00:48:29,790 - INFO - Creating Searchlight object for LO right...
2025-01-10 00:48:29,792 - INFO - Searchlight object created.
2025-01-10 00:48:29,792 - INFO - Distributing data...
2025-01-10 00:49:37,717 - INFO - Memory usage after after data distribution: 36229.80 MB
2025-01-10 00:49:37,724 - INFO - Broadcasting LO time series and psychological covariate...
2025-01-10 00:49:37,724 - INFO - Broadcasting completed.
2025-01-10 00:49:37,724 - INFO - Starting searchlight analysis...
2025-01-10 05:14:11,158 - INFO - Searchlight analysis completed.
2025-01-10 05:14:11,159 - INFO - Memory usage after after searchlight: 37159.81 MB
2025-01-10 05:14:20,219 - INFO - Saved searchlight result to /lab_data/behrmannlab/vlad/ptoc/sub-spaceloc1010/ses-01//derivatives/gca/searchlight_result_nontool_runs12_LO_right_1217.nii.gz
2025-01-10 05:14:21,038 - INFO - Memory usage after after cleanup: 20746.46 MB
2025-01-10 05:14:21,065 - INFO - Memory usage after start of run combination: 20746.46 MB
2025-01-10 05:14:21,065 - INFO - Processing LO right for run combination [2, 1] for subject sub-spaceloc1010
2025-01-10 05:14:21,221 - INFO - Functional image: shape=(208, 240, 256, 341), affine=
[[ 9.98817623e-01 -1.29146278e-02 -4.68586534e-02 -9.70467224e+01]
 [ 1.65977441e-02  9.96729910e-01  7.90833682e-02 -1.10643188e+02]
 [ 4.56840619e-02 -7.97676519e-02  9.95766103e-01 -1.21894188e+02]
 [ 0.00000000e+00  0.00000000e+00  0.00000000e+00  1.00000000e+00]]
2025-01-10 05:15:32,576 - INFO - Generated mask: shape=(208, 240, 256), affine=
[[ 9.98817623e-01 -1.29146278e-02 -4.68586534e-02 -9.70467224e+01]
 [ 1.65977441e-02  9.96729910e-01  7.90833682e-02 -1.10643188e+02]
 [ 4.56840619e-02 -7.97676519e-02  9.95766103e-01 -1.21894188e+02]
 [ 0.00000000e+00  0.00000000e+00  0.00000000e+00  1.00000000e+00]]
2025-01-10 05:17:27,486 - INFO - Cleaned data: shape=(208, 240, 256, 341), min=-12.507290840148926, max=13.702102661132812, mean=2.4314343288420023e-12
2025-01-10 05:17:27,668 - INFO - Memory usage after after loading and cleaning run: 53993.72 MB
2025-01-10 05:17:27,668 - INFO - Memory usage after after loading analysis run: 53993.72 MB
2025-01-10 05:21:17,981 - INFO - Memory usage after after ROI extraction: 53993.72 MB
2025-01-10 05:21:17,981 - INFO - Creating Searchlight object for LO right...
2025-01-10 05:21:17,983 - INFO - Searchlight object created.
2025-01-10 05:21:17,983 - INFO - Distributing data...
2025-01-10 05:22:25,278 - INFO - Memory usage after after data distribution: 35837.15 MB
2025-01-10 05:22:25,279 - INFO - Broadcasting LO time series and psychological covariate...
2025-01-10 05:22:25,279 - INFO - Broadcasting completed.
2025-01-10 05:22:25,279 - INFO - Starting searchlight analysis...
2025-01-10 09:46:07,365 - INFO - Searchlight analysis completed.
2025-01-10 09:46:07,366 - INFO - Memory usage after after searchlight: 36764.12 MB
2025-01-10 09:46:15,342 - INFO - Saved searchlight result to /lab_data/behrmannlab/vlad/ptoc/sub-spaceloc1010/ses-01//derivatives/gca/searchlight_result_nontool_runs21_LO_right_1217.nii.gz
2025-01-10 09:46:16,128 - INFO - Memory usage after after cleanup: 20774.98 MB
2025-01-10 09:46:16,128 - INFO - Completed searchlight analysis with GCA for all subjects
Processing subject: sub-spaceloc1010
