Traceback (most recent call last):
  File "<string>", line 2, in <module>
ModuleNotFoundError: No module named 'brainiak.utils.fmriroi'
/home/csimmon2/anaconda3/envs/brainiak_env/lib/python3.7/site-packages/nilearn/__init__.py:67: FutureWarning: Python 3.7 support is deprecated and will be removed in release 0.12 of Nilearn. Consider switching to Python 3.9 or 3.10.
  _python_deprecation_warnings()
2024-10-23 22:00:55,477 - INFO - Running searchlight analysis with GCA for Object...
2024-10-23 22:00:55,946 - INFO - Processing pIPS left for run combination [1, 2] for subject sub-088
2024-10-23 22:00:55,977 - INFO - Output file /lab_data/behrmannlab/vlad/ptoc/sub-088/ses-01//derivatives/gca/searchlight_result_object_runs12_pIPS_left.nii.gz already exists. Skipping this run.
2024-10-23 22:00:55,977 - INFO - Processing pIPS left for run combination [1, 3] for subject sub-088
2024-10-23 22:00:55,993 - INFO - Output file /lab_data/behrmannlab/vlad/ptoc/sub-088/ses-01//derivatives/gca/searchlight_result_object_runs13_pIPS_left.nii.gz already exists. Skipping this run.
2024-10-23 22:00:55,993 - INFO - Processing pIPS left for run combination [2, 3] for subject sub-088
2024-10-23 22:00:55,994 - INFO - Output file /lab_data/behrmannlab/vlad/ptoc/sub-088/ses-01//derivatives/gca/searchlight_result_object_runs23_pIPS_left.nii.gz already exists. Skipping this run.
2024-10-23 22:00:55,994 - INFO - Processing pIPS right for run combination [1, 2] for subject sub-088
2024-10-23 22:00:55,998 - INFO - Output file /lab_data/behrmannlab/vlad/ptoc/sub-088/ses-01//derivatives/gca/searchlight_result_object_runs12_pIPS_right.nii.gz already exists. Skipping this run.
2024-10-23 22:00:55,998 - INFO - Processing pIPS right for run combination [1, 3] for subject sub-088
2024-10-23 22:00:55,998 - INFO - Output file /lab_data/behrmannlab/vlad/ptoc/sub-088/ses-01//derivatives/gca/searchlight_result_object_runs13_pIPS_right.nii.gz already exists. Skipping this run.
2024-10-23 22:00:55,998 - INFO - Processing pIPS right for run combination [2, 3] for subject sub-088
2024-10-23 22:00:55,998 - INFO - Output file /lab_data/behrmannlab/vlad/ptoc/sub-088/ses-01//derivatives/gca/searchlight_result_object_runs23_pIPS_right.nii.gz already exists. Skipping this run.
2024-10-23 22:00:55,999 - INFO - Processing LO left for run combination [1, 2] for subject sub-088
2024-10-23 22:00:55,999 - INFO - Output file /lab_data/behrmannlab/vlad/ptoc/sub-088/ses-01//derivatives/gca/searchlight_result_object_runs12_LO_left.nii.gz already exists. Skipping this run.
2024-10-23 22:00:55,999 - INFO - Processing LO left for run combination [1, 3] for subject sub-088
2024-10-23 22:00:55,999 - INFO - Output file /lab_data/behrmannlab/vlad/ptoc/sub-088/ses-01//derivatives/gca/searchlight_result_object_runs13_LO_left.nii.gz already exists. Skipping this run.
2024-10-23 22:00:55,999 - INFO - Processing LO left for run combination [2, 3] for subject sub-088
2024-10-23 22:00:56,000 - INFO - Output file /lab_data/behrmannlab/vlad/ptoc/sub-088/ses-01//derivatives/gca/searchlight_result_object_runs23_LO_left.nii.gz already exists. Skipping this run.
2024-10-23 22:00:56,000 - INFO - Processing LO right for run combination [1, 2] for subject sub-088
2024-10-23 22:00:56,000 - INFO - Output file /lab_data/behrmannlab/vlad/ptoc/sub-088/ses-01//derivatives/gca/searchlight_result_object_runs12_LO_right.nii.gz already exists. Skipping this run.
2024-10-23 22:00:56,000 - INFO - Processing LO right for run combination [1, 3] for subject sub-088
2024-10-23 22:00:56,000 - INFO - Loading run 1 from /lab_data/behrmannlab/vlad/hemispace/sub-088/ses-01/derivatives/fsl/loc/run-01/1stLevel.feat/filtered_func_data_reg.nii.gz
2024-10-23 22:00:56,562 - INFO - Functional image: shape=(176, 256, 256, 184), affine=
[[ 9.97581422e-01 -3.32648084e-02  6.10834546e-02 -8.98650665e+01]
 [ 1.69079360e-02  9.67853844e-01  2.50944257e-01 -1.43418625e+02]
 [-6.74676895e-02 -2.49303713e-01  9.66072381e-01 -9.45160065e+01]
 [ 0.00000000e+00  0.00000000e+00  0.00000000e+00  1.00000000e+00]]
2024-10-23 22:01:43,738 - INFO - Generated mask: shape=(176, 256, 256), affine=
[[ 9.97581422e-01 -3.32648084e-02  6.10834546e-02 -8.98650665e+01]
 [ 1.69079360e-02  9.67853844e-01  2.50944257e-01 -1.43418625e+02]
 [-6.74676895e-02 -2.49303713e-01  9.66072381e-01 -9.45160065e+01]
 [ 0.00000000e+00  0.00000000e+00  0.00000000e+00  1.00000000e+00]]
2024-10-23 22:02:36,668 - INFO - Cleaned data: shape=(176, 256, 256, 184), min=-12.396031379699707, max=12.713006973266602, mean=1.3628480737849225e-12
2024-10-23 22:02:36,740 - INFO - Memory usage after after loading and cleaning run: 16397.10 MB
2024-10-23 22:02:36,740 - INFO - Loading run 3 from /lab_data/behrmannlab/vlad/hemispace/sub-088/ses-01/derivatives/fsl/loc/run-03/1stLevel.feat/filtered_func_data_reg.nii.gz
2024-10-23 22:02:37,026 - INFO - Functional image: shape=(176, 256, 256, 184), affine=
[[ 9.97581422e-01 -3.32648084e-02  6.10834546e-02 -8.98650665e+01]
 [ 1.69079360e-02  9.67853844e-01  2.50944257e-01 -1.43418625e+02]
 [-6.74676895e-02 -2.49303713e-01  9.66072381e-01 -9.45160065e+01]
 [ 0.00000000e+00  0.00000000e+00  0.00000000e+00  1.00000000e+00]]
2024-10-23 22:03:23,567 - INFO - Generated mask: shape=(176, 256, 256), affine=
[[ 9.97581422e-01 -3.32648084e-02  6.10834546e-02 -8.98650665e+01]
 [ 1.69079360e-02  9.67853844e-01  2.50944257e-01 -1.43418625e+02]
 [-6.74676895e-02 -2.49303713e-01  9.66072381e-01 -9.45160065e+01]
 [ 0.00000000e+00  0.00000000e+00  0.00000000e+00  1.00000000e+00]]
2024-10-23 22:04:16,536 - INFO - Cleaned data: shape=(176, 256, 256, 184), min=-11.523661613464355, max=11.75534725189209, mean=-4.218959684930835e-14
2024-10-23 22:04:16,639 - INFO - Memory usage after after loading and cleaning run: 32603.50 MB
2024-10-23 22:04:38,723 - INFO - Concatenated data shape: (176, 256, 256, 368)
2024-10-23 22:04:38,802 - INFO - Memory usage after after concatenating runs: 48795.50 MB
2024-10-23 22:08:29,939 - INFO - Creating Searchlight object for LO right...
2024-10-23 22:08:29,945 - INFO - Searchlight object created.
2024-10-23 22:08:29,945 - INFO - Distributing data...
2024-10-23 22:09:57,286 - INFO - Data distribution completed.
2024-10-23 22:09:57,290 - INFO - Broadcasting LO time series and psychological covariate...
2024-10-23 22:09:57,290 - INFO - Broadcasting completed.
2024-10-23 22:09:57,290 - INFO - Starting searchlight analysis...
2024-10-24 03:18:58,594 - INFO - Searchlight analysis completed.
2024-10-24 03:18:58,596 - INFO - Memory usage after after searchlight: 84592.16 MB
2024-10-24 03:19:01,035 - INFO - Saved searchlight result to /lab_data/behrmannlab/vlad/ptoc/sub-088/ses-01//derivatives/gca/searchlight_result_object_runs13_LO_right.nii.gz
2024-10-24 03:19:02,652 - INFO - Processing LO right for run combination [2, 3] for subject sub-088
2024-10-24 03:19:02,701 - INFO - Loading run 2 from /lab_data/behrmannlab/vlad/hemispace/sub-088/ses-01/derivatives/fsl/loc/run-02/1stLevel.feat/filtered_func_data_reg.nii.gz
2024-10-24 03:19:03,039 - INFO - Functional image: shape=(176, 256, 256, 184), affine=
[[ 9.97581422e-01 -3.32648084e-02  6.10834546e-02 -8.98650665e+01]
 [ 1.69079360e-02  9.67853844e-01  2.50944257e-01 -1.43418625e+02]
 [-6.74676895e-02 -2.49303713e-01  9.66072381e-01 -9.45160065e+01]
 [ 0.00000000e+00  0.00000000e+00  0.00000000e+00  1.00000000e+00]]
2024-10-24 03:20:00,758 - INFO - Generated mask: shape=(176, 256, 256), affine=
[[ 9.97581422e-01 -3.32648084e-02  6.10834546e-02 -8.98650665e+01]
 [ 1.69079360e-02  9.67853844e-01  2.50944257e-01 -1.43418625e+02]
 [-6.74676895e-02 -2.49303713e-01  9.66072381e-01 -9.45160065e+01]
 [ 0.00000000e+00  0.00000000e+00  0.00000000e+00  1.00000000e+00]]
2024-10-24 03:20:58,320 - INFO - Cleaned data: shape=(176, 256, 256, 184), min=-11.023037910461426, max=11.170205116271973, mean=1.7516252399188974e-12
2024-10-24 03:20:58,369 - INFO - Memory usage after after loading and cleaning run: 67550.00 MB
2024-10-24 03:20:58,414 - INFO - Loading run 3 from /lab_data/behrmannlab/vlad/hemispace/sub-088/ses-01/derivatives/fsl/loc/run-03/1stLevel.feat/filtered_func_data_reg.nii.gz
2024-10-24 03:20:58,605 - INFO - Functional image: shape=(176, 256, 256, 184), affine=
[[ 9.97581422e-01 -3.32648084e-02  6.10834546e-02 -8.98650665e+01]
 [ 1.69079360e-02  9.67853844e-01  2.50944257e-01 -1.43418625e+02]
 [-6.74676895e-02 -2.49303713e-01  9.66072381e-01 -9.45160065e+01]
 [ 0.00000000e+00  0.00000000e+00  0.00000000e+00  1.00000000e+00]]
2024-10-24 03:21:46,954 - INFO - Generated mask: shape=(176, 256, 256), affine=
[[ 9.97581422e-01 -3.32648084e-02  6.10834546e-02 -8.98650665e+01]
 [ 1.69079360e-02  9.67853844e-01  2.50944257e-01 -1.43418625e+02]
 [-6.74676895e-02 -2.49303713e-01  9.66072381e-01 -9.45160065e+01]
 [ 0.00000000e+00  0.00000000e+00  0.00000000e+00  1.00000000e+00]]
2024-10-24 03:22:43,775 - INFO - Cleaned data: shape=(176, 256, 256, 184), min=-11.523661613464355, max=11.75534725189209, mean=-4.218959684930835e-14
2024-10-24 03:22:43,824 - INFO - Memory usage after after loading and cleaning run: 67462.00 MB
2024-10-24 03:23:14,026 - INFO - Concatenated data shape: (176, 256, 256, 368)
2024-10-24 03:23:14,180 - INFO - Memory usage after after concatenating runs: 83654.00 MB
2024-10-24 03:28:13,014 - INFO - Creating Searchlight object for LO right...
2024-10-24 03:28:14,282 - INFO - Searchlight object created.
2024-10-24 03:28:14,283 - INFO - Distributing data...
2024-10-24 03:29:41,163 - INFO - Data distribution completed.
2024-10-24 03:29:41,163 - INFO - Broadcasting LO time series and psychological covariate...
2024-10-24 03:29:41,164 - INFO - Broadcasting completed.
2024-10-24 03:29:41,164 - INFO - Starting searchlight analysis...
2024-10-24 08:43:44,800 - INFO - Searchlight analysis completed.
2024-10-24 08:43:44,801 - INFO - Memory usage after after searchlight: 84698.27 MB
2024-10-24 08:43:47,553 - INFO - Saved searchlight result to /lab_data/behrmannlab/vlad/ptoc/sub-088/ses-01//derivatives/gca/searchlight_result_object_runs23_LO_right.nii.gz
2024-10-24 08:43:50,245 - INFO - Completed searchlight analysis with GCA for all subjects
Processing subject: sub-088
