Traceback (most recent call last):
  File "<string>", line 2, in <module>
ModuleNotFoundError: No module named 'brainiak.utils.fmriroi'
/home/csimmon2/anaconda3/envs/brainiak_env/lib/python3.7/site-packages/nilearn/__init__.py:67: FutureWarning: Python 3.7 support is deprecated and will be removed in release 0.12 of Nilearn. Consider switching to Python 3.9 or 3.10.
  _python_deprecation_warnings()
2024-12-31 18:21:15,556 - INFO - Running searchlight analysis with GCA for Tool localizer...
2024-12-31 18:21:16,276 - INFO - Memory usage after start of ROI/hemi iteration: 144.59 MB
2024-12-31 18:21:16,310 - INFO - Memory usage after start of run combination: 144.59 MB
2024-12-31 18:21:16,310 - INFO - Processing pIPS left for run combination [1, 2] for subject sub-spaceloc1003
2024-12-31 18:21:16,353 - INFO - Output file /lab_data/behrmannlab/vlad/ptoc/sub-spaceloc1003/ses-01//derivatives/gca/searchlight_result_tool_runs12_pIPS_left_1217.nii.gz already exists. Skipping this run.
2024-12-31 18:21:16,395 - INFO - Memory usage after start of run combination: 144.59 MB
2024-12-31 18:21:16,395 - INFO - Processing pIPS left for run combination [2, 1] for subject sub-spaceloc1003
2024-12-31 18:21:16,396 - INFO - Output file /lab_data/behrmannlab/vlad/ptoc/sub-spaceloc1003/ses-01//derivatives/gca/searchlight_result_tool_runs21_pIPS_left_1217.nii.gz already exists. Skipping this run.
2024-12-31 18:21:16,433 - INFO - Memory usage after start of ROI/hemi iteration: 144.59 MB
2024-12-31 18:21:16,465 - INFO - Memory usage after start of run combination: 144.59 MB
2024-12-31 18:21:16,465 - INFO - Processing pIPS right for run combination [1, 2] for subject sub-spaceloc1003
2024-12-31 18:21:16,466 - INFO - Output file /lab_data/behrmannlab/vlad/ptoc/sub-spaceloc1003/ses-01//derivatives/gca/searchlight_result_tool_runs12_pIPS_right_1217.nii.gz already exists. Skipping this run.
2024-12-31 18:21:16,495 - INFO - Memory usage after start of run combination: 144.59 MB
2024-12-31 18:21:16,495 - INFO - Processing pIPS right for run combination [2, 1] for subject sub-spaceloc1003
2024-12-31 18:21:16,496 - INFO - Output file /lab_data/behrmannlab/vlad/ptoc/sub-spaceloc1003/ses-01//derivatives/gca/searchlight_result_tool_runs21_pIPS_right_1217.nii.gz already exists. Skipping this run.
2024-12-31 18:21:16,523 - INFO - Memory usage after start of ROI/hemi iteration: 144.59 MB
2024-12-31 18:21:16,548 - INFO - Memory usage after start of run combination: 144.59 MB
2024-12-31 18:21:16,548 - INFO - Processing LO left for run combination [1, 2] for subject sub-spaceloc1003
2024-12-31 18:21:16,549 - INFO - Output file /lab_data/behrmannlab/vlad/ptoc/sub-spaceloc1003/ses-01//derivatives/gca/searchlight_result_tool_runs12_LO_left_1217.nii.gz already exists. Skipping this run.
2024-12-31 18:21:16,573 - INFO - Memory usage after start of run combination: 144.59 MB
2024-12-31 18:21:16,573 - INFO - Processing LO left for run combination [2, 1] for subject sub-spaceloc1003
2024-12-31 18:21:17,123 - INFO - Functional image: shape=(208, 240, 256, 341), affine=
[[ 9.98199344e-01 -2.93113440e-02  5.23613729e-02 -1.07260475e+02]
 [ 1.76451504e-02  9.77381229e-01  2.10747555e-01 -1.26807861e+02]
 [-5.73543981e-02 -2.09443852e-01  9.76137161e-01 -1.15901955e+02]
 [ 0.00000000e+00  0.00000000e+00  0.00000000e+00  1.00000000e+00]]
2024-12-31 18:22:38,567 - INFO - Generated mask: shape=(208, 240, 256), affine=
[[ 9.98199344e-01 -2.93113440e-02  5.23613729e-02 -1.07260475e+02]
 [ 1.76451504e-02  9.77381229e-01  2.10747555e-01 -1.26807861e+02]
 [-5.73543981e-02 -2.09443852e-01  9.76137161e-01 -1.15901955e+02]
 [ 0.00000000e+00  0.00000000e+00  0.00000000e+00  1.00000000e+00]]
2024-12-31 18:25:36,206 - INFO - Cleaned data: shape=(208, 240, 256, 341), min=-11.787693977355957, max=14.055323600769043, mean=4.1778825717139553e-13
2024-12-31 18:25:37,785 - INFO - Memory usage after after loading and cleaning run: 33460.51 MB
2024-12-31 18:25:37,785 - INFO - Memory usage after after loading analysis run: 33460.51 MB
2024-12-31 18:29:42,519 - INFO - Memory usage after after ROI extraction: 33462.02 MB
2024-12-31 18:29:42,519 - INFO - Creating Searchlight object for LO left...
2024-12-31 18:29:42,521 - INFO - Searchlight object created.
2024-12-31 18:29:42,521 - INFO - Distributing data...
2024-12-31 18:31:04,662 - INFO - Memory usage after after data distribution: 36492.04 MB
2024-12-31 18:31:04,662 - INFO - Broadcasting LO time series and psychological covariate...
2024-12-31 18:31:04,662 - INFO - Broadcasting completed.
2024-12-31 18:31:04,662 - INFO - Starting searchlight analysis...
2024-12-31 22:46:55,474 - INFO - Searchlight analysis completed.
2024-12-31 22:46:55,475 - INFO - Memory usage after after searchlight: 37430.68 MB
2024-12-31 22:46:57,673 - INFO - Saved searchlight result to /lab_data/behrmannlab/vlad/ptoc/sub-spaceloc1003/ses-01//derivatives/gca/searchlight_result_tool_runs21_LO_left_1217.nii.gz
2024-12-31 22:46:58,989 - INFO - Memory usage after after cleanup: 20879.63 MB
2024-12-31 22:46:59,024 - INFO - Memory usage after start of ROI/hemi iteration: 20879.63 MB
2024-12-31 22:46:59,056 - INFO - Memory usage after start of run combination: 20879.63 MB
2024-12-31 22:46:59,056 - INFO - Processing LO right for run combination [1, 2] for subject sub-spaceloc1003
2024-12-31 22:46:59,564 - INFO - Functional image: shape=(208, 240, 256, 341), affine=
[[ 9.98199344e-01 -2.93113440e-02  5.23613729e-02 -1.07260475e+02]
 [ 1.76451504e-02  9.77381229e-01  2.10747555e-01 -1.26807861e+02]
 [-5.73543981e-02 -2.09443852e-01  9.76137161e-01 -1.15901955e+02]
 [ 0.00000000e+00  0.00000000e+00  0.00000000e+00  1.00000000e+00]]
2024-12-31 22:48:24,382 - INFO - Generated mask: shape=(208, 240, 256), affine=
[[ 9.98199344e-01 -2.93113440e-02  5.23613729e-02 -1.07260475e+02]
 [ 1.76451504e-02  9.77381229e-01  2.10747555e-01 -1.26807861e+02]
 [-5.73543981e-02 -2.09443852e-01  9.76137161e-01 -1.15901955e+02]
 [ 0.00000000e+00  0.00000000e+00  0.00000000e+00  1.00000000e+00]]
2024-12-31 22:51:20,326 - INFO - Cleaned data: shape=(208, 240, 256, 341), min=-9.557962417602539, max=13.453486442565918, mean=1.940155374420226e-13
2024-12-31 22:51:20,830 - INFO - Memory usage after after loading and cleaning run: 54127.14 MB
2024-12-31 22:51:20,830 - INFO - Memory usage after after loading analysis run: 54127.14 MB
2024-12-31 22:54:57,598 - INFO - Memory usage after after ROI extraction: 54127.39 MB
2024-12-31 22:54:57,598 - INFO - Creating Searchlight object for LO right...
2024-12-31 22:54:57,600 - INFO - Searchlight object created.
2024-12-31 22:54:57,600 - INFO - Distributing data...
2024-12-31 22:56:08,105 - INFO - Memory usage after after data distribution: 36190.51 MB
2024-12-31 22:56:08,105 - INFO - Broadcasting LO time series and psychological covariate...
2024-12-31 22:56:08,105 - INFO - Broadcasting completed.
2024-12-31 22:56:08,105 - INFO - Starting searchlight analysis...
2025-01-01 03:08:18,305 - INFO - Searchlight analysis completed.
2025-01-01 03:08:18,306 - INFO - Memory usage after after searchlight: 37116.37 MB
2025-01-01 03:08:20,386 - INFO - Saved searchlight result to /lab_data/behrmannlab/vlad/ptoc/sub-spaceloc1003/ses-01//derivatives/gca/searchlight_result_tool_runs12_LO_right_1217.nii.gz
2025-01-01 03:08:21,573 - INFO - Memory usage after after cleanup: 20920.17 MB
2025-01-01 03:08:21,610 - INFO - Memory usage after start of run combination: 20920.17 MB
2025-01-01 03:08:21,610 - INFO - Processing LO right for run combination [2, 1] for subject sub-spaceloc1003
2025-01-01 03:08:22,102 - INFO - Functional image: shape=(208, 240, 256, 341), affine=
[[ 9.98199344e-01 -2.93113440e-02  5.23613729e-02 -1.07260475e+02]
 [ 1.76451504e-02  9.77381229e-01  2.10747555e-01 -1.26807861e+02]
 [-5.73543981e-02 -2.09443852e-01  9.76137161e-01 -1.15901955e+02]
 [ 0.00000000e+00  0.00000000e+00  0.00000000e+00  1.00000000e+00]]
2025-01-01 03:09:49,074 - INFO - Generated mask: shape=(208, 240, 256), affine=
[[ 9.98199344e-01 -2.93113440e-02  5.23613729e-02 -1.07260475e+02]
 [ 1.76451504e-02  9.77381229e-01  2.10747555e-01 -1.26807861e+02]
 [-5.73543981e-02 -2.09443852e-01  9.76137161e-01 -1.15901955e+02]
 [ 0.00000000e+00  0.00000000e+00  0.00000000e+00  1.00000000e+00]]
2025-01-01 03:12:41,111 - INFO - Cleaned data: shape=(208, 240, 256, 341), min=-11.787693977355957, max=14.055323600769043, mean=4.1778825717139553e-13
2025-01-01 03:12:42,601 - INFO - Memory usage after after loading and cleaning run: 54167.68 MB
2025-01-01 03:12:42,602 - INFO - Memory usage after after loading analysis run: 54167.68 MB
2025-01-01 03:16:45,132 - INFO - Memory usage after after ROI extraction: 54167.93 MB
2025-01-01 03:16:45,133 - INFO - Creating Searchlight object for LO right...
2025-01-01 03:16:45,134 - INFO - Searchlight object created.
2025-01-01 03:16:45,134 - INFO - Distributing data...
2025-01-01 03:17:54,735 - INFO - Memory usage after after data distribution: 36511.80 MB
2025-01-01 03:17:54,736 - INFO - Broadcasting LO time series and psychological covariate...
2025-01-01 03:17:54,736 - INFO - Broadcasting completed.
2025-01-01 03:17:54,736 - INFO - Starting searchlight analysis...
2025-01-01 07:33:50,436 - INFO - Searchlight analysis completed.
2025-01-01 07:33:50,437 - INFO - Memory usage after after searchlight: 37449.80 MB
2025-01-01 07:33:52,377 - INFO - Saved searchlight result to /lab_data/behrmannlab/vlad/ptoc/sub-spaceloc1003/ses-01//derivatives/gca/searchlight_result_tool_runs21_LO_right_1217.nii.gz
2025-01-01 07:33:53,602 - INFO - Memory usage after after cleanup: 20877.61 MB
2025-01-01 07:33:53,602 - INFO - Completed searchlight analysis with GCA for all subjects
Processing subject: sub-spaceloc1003
