Traceback (most recent call last):
  File "<string>", line 2, in <module>
ModuleNotFoundError: No module named 'brainiak.utils.fmriroi'
/home/csimmon2/anaconda3/envs/brainiak_env/lib/python3.7/site-packages/nilearn/__init__.py:67: FutureWarning: Python 3.7 support is deprecated and will be removed in release 0.12 of Nilearn. Consider switching to Python 3.9 or 3.10.
  _python_deprecation_warnings()
2024-10-23 23:16:26,687 - INFO - Running searchlight analysis with GCA for Object...
2024-10-23 23:16:27,946 - INFO - Processing pIPS left for run combination [1, 2] for subject sub-095
2024-10-23 23:16:28,022 - INFO - Output file /lab_data/behrmannlab/vlad/ptoc/sub-095/ses-01//derivatives/gca/searchlight_result_object_runs12_pIPS_left.nii.gz already exists. Skipping this run.
2024-10-23 23:16:28,022 - INFO - Processing pIPS left for run combination [1, 3] for subject sub-095
2024-10-23 23:16:28,075 - INFO - Output file /lab_data/behrmannlab/vlad/ptoc/sub-095/ses-01//derivatives/gca/searchlight_result_object_runs13_pIPS_left.nii.gz already exists. Skipping this run.
2024-10-23 23:16:28,075 - INFO - Processing pIPS left for run combination [2, 3] for subject sub-095
2024-10-23 23:16:28,111 - INFO - Output file /lab_data/behrmannlab/vlad/ptoc/sub-095/ses-01//derivatives/gca/searchlight_result_object_runs23_pIPS_left.nii.gz already exists. Skipping this run.
2024-10-23 23:16:28,111 - INFO - Processing pIPS right for run combination [1, 2] for subject sub-095
2024-10-23 23:16:28,149 - INFO - Output file /lab_data/behrmannlab/vlad/ptoc/sub-095/ses-01//derivatives/gca/searchlight_result_object_runs12_pIPS_right.nii.gz already exists. Skipping this run.
2024-10-23 23:16:28,149 - INFO - Processing pIPS right for run combination [1, 3] for subject sub-095
2024-10-23 23:16:28,153 - INFO - Output file /lab_data/behrmannlab/vlad/ptoc/sub-095/ses-01//derivatives/gca/searchlight_result_object_runs13_pIPS_right.nii.gz already exists. Skipping this run.
2024-10-23 23:16:28,153 - INFO - Processing pIPS right for run combination [2, 3] for subject sub-095
2024-10-23 23:16:28,170 - INFO - Output file /lab_data/behrmannlab/vlad/ptoc/sub-095/ses-01//derivatives/gca/searchlight_result_object_runs23_pIPS_right.nii.gz already exists. Skipping this run.
2024-10-23 23:16:28,170 - INFO - Processing LO left for run combination [1, 2] for subject sub-095
2024-10-23 23:16:28,222 - INFO - Output file /lab_data/behrmannlab/vlad/ptoc/sub-095/ses-01//derivatives/gca/searchlight_result_object_runs12_LO_left.nii.gz already exists. Skipping this run.
2024-10-23 23:16:28,223 - INFO - Processing LO left for run combination [1, 3] for subject sub-095
2024-10-23 23:16:28,224 - INFO - Output file /lab_data/behrmannlab/vlad/ptoc/sub-095/ses-01//derivatives/gca/searchlight_result_object_runs13_LO_left.nii.gz already exists. Skipping this run.
2024-10-23 23:16:28,224 - INFO - Processing LO left for run combination [2, 3] for subject sub-095
2024-10-23 23:16:28,393 - INFO - Output file /lab_data/behrmannlab/vlad/ptoc/sub-095/ses-01//derivatives/gca/searchlight_result_object_runs23_LO_left.nii.gz already exists. Skipping this run.
2024-10-23 23:16:28,393 - INFO - Processing LO right for run combination [1, 2] for subject sub-095
2024-10-23 23:16:28,397 - INFO - Output file /lab_data/behrmannlab/vlad/ptoc/sub-095/ses-01//derivatives/gca/searchlight_result_object_runs12_LO_right.nii.gz already exists. Skipping this run.
2024-10-23 23:16:28,397 - INFO - Processing LO right for run combination [1, 3] for subject sub-095
2024-10-23 23:16:28,398 - INFO - Loading run 1 from /lab_data/behrmannlab/vlad/hemispace/sub-095/ses-01/derivatives/fsl/loc/run-01/1stLevel.feat/filtered_func_data_reg.nii.gz
2024-10-23 23:16:29,085 - INFO - Functional image: shape=(176, 256, 256, 184), affine=
[[ 9.98725593e-01 -4.02656794e-02 -3.04101519e-02 -7.83574371e+01]
 [ 4.47285026e-02  9.85413194e-01  1.64195687e-01 -1.30990341e+02]
 [ 2.33551003e-02 -1.65346727e-01  9.85958934e-01 -1.30992798e+02]
 [ 0.00000000e+00  0.00000000e+00  0.00000000e+00  1.00000000e+00]]
2024-10-23 23:17:07,833 - INFO - Generated mask: shape=(176, 256, 256), affine=
[[ 9.98725593e-01 -4.02656794e-02 -3.04101519e-02 -7.83574371e+01]
 [ 4.47285026e-02  9.85413194e-01  1.64195687e-01 -1.30990341e+02]
 [ 2.33551003e-02 -1.65346727e-01  9.85958934e-01 -1.30992798e+02]
 [ 0.00000000e+00  0.00000000e+00  0.00000000e+00  1.00000000e+00]]
2024-10-23 23:17:59,409 - INFO - Cleaned data: shape=(176, 256, 256, 184), min=-9.240368843078613, max=10.09193229675293, mean=2.7228911507052613e-12
2024-10-23 23:17:59,477 - INFO - Memory usage after after loading and cleaning run: 16396.27 MB
2024-10-23 23:17:59,477 - INFO - Loading run 3 from /lab_data/behrmannlab/vlad/hemispace/sub-095/ses-01/derivatives/fsl/loc/run-03/1stLevel.feat/filtered_func_data_reg.nii.gz
2024-10-23 23:17:59,946 - INFO - Functional image: shape=(176, 256, 256, 184), affine=
[[ 9.98725593e-01 -4.02656794e-02 -3.04101519e-02 -7.83574371e+01]
 [ 4.47285026e-02  9.85413194e-01  1.64195687e-01 -1.30990341e+02]
 [ 2.33551003e-02 -1.65346727e-01  9.85958934e-01 -1.30992798e+02]
 [ 0.00000000e+00  0.00000000e+00  0.00000000e+00  1.00000000e+00]]
2024-10-23 23:18:37,867 - INFO - Generated mask: shape=(176, 256, 256), affine=
[[ 9.98725593e-01 -4.02656794e-02 -3.04101519e-02 -7.83574371e+01]
 [ 4.47285026e-02  9.85413194e-01  1.64195687e-01 -1.30990341e+02]
 [ 2.33551003e-02 -1.65346727e-01  9.85958934e-01 -1.30992798e+02]
 [ 0.00000000e+00  0.00000000e+00  0.00000000e+00  1.00000000e+00]]
2024-10-23 23:19:29,703 - INFO - Cleaned data: shape=(176, 256, 256, 184), min=-8.42090129852295, max=8.710665702819824, mean=2.489180720675339e-12
2024-10-23 23:19:29,771 - INFO - Memory usage after after loading and cleaning run: 32602.72 MB
2024-10-23 23:19:48,304 - INFO - Concatenated data shape: (176, 256, 256, 368)
2024-10-23 23:19:48,399 - INFO - Memory usage after after concatenating runs: 48794.72 MB
2024-10-23 23:23:39,448 - INFO - Creating Searchlight object for LO right...
2024-10-23 23:23:39,472 - INFO - Searchlight object created.
2024-10-23 23:23:39,472 - INFO - Distributing data...
2024-10-23 23:25:11,901 - INFO - Data distribution completed.
2024-10-23 23:25:11,901 - INFO - Broadcasting LO time series and psychological covariate...
2024-10-23 23:25:11,901 - INFO - Broadcasting completed.
2024-10-23 23:25:11,902 - INFO - Starting searchlight analysis...
2024-10-24 03:27:19,001 - INFO - Searchlight analysis completed.
2024-10-24 03:27:19,003 - INFO - Memory usage after after searchlight: 84991.02 MB
2024-10-24 03:27:21,186 - INFO - Saved searchlight result to /lab_data/behrmannlab/vlad/ptoc/sub-095/ses-01//derivatives/gca/searchlight_result_object_runs13_LO_right.nii.gz
2024-10-24 03:27:22,469 - INFO - Processing LO right for run combination [2, 3] for subject sub-095
2024-10-24 03:27:22,471 - INFO - Loading run 2 from /lab_data/behrmannlab/vlad/hemispace/sub-095/ses-01/derivatives/fsl/loc/run-02/1stLevel.feat/filtered_func_data_reg.nii.gz
2024-10-24 03:27:23,056 - INFO - Functional image: shape=(176, 256, 256, 184), affine=
[[ 9.98725593e-01 -4.02656794e-02 -3.04101519e-02 -7.83574371e+01]
 [ 4.47285026e-02  9.85413194e-01  1.64195687e-01 -1.30990341e+02]
 [ 2.33551003e-02 -1.65346727e-01  9.85958934e-01 -1.30992798e+02]
 [ 0.00000000e+00  0.00000000e+00  0.00000000e+00  1.00000000e+00]]
2024-10-24 03:28:11,269 - INFO - Generated mask: shape=(176, 256, 256), affine=
[[ 9.98725593e-01 -4.02656794e-02 -3.04101519e-02 -7.83574371e+01]
 [ 4.47285026e-02  9.85413194e-01  1.64195687e-01 -1.30990341e+02]
 [ 2.33551003e-02 -1.65346727e-01  9.85958934e-01 -1.30992798e+02]
 [ 0.00000000e+00  0.00000000e+00  0.00000000e+00  1.00000000e+00]]
2024-10-24 03:29:11,747 - INFO - Cleaned data: shape=(176, 256, 256, 184), min=-10.41561222076416, max=10.036676406860352, mean=-5.63196448195413e-13
2024-10-24 03:29:11,808 - INFO - Memory usage after after loading and cleaning run: 67953.72 MB
2024-10-24 03:29:11,939 - INFO - Loading run 3 from /lab_data/behrmannlab/vlad/hemispace/sub-095/ses-01/derivatives/fsl/loc/run-03/1stLevel.feat/filtered_func_data_reg.nii.gz
2024-10-24 03:29:12,405 - INFO - Functional image: shape=(176, 256, 256, 184), affine=
[[ 9.98725593e-01 -4.02656794e-02 -3.04101519e-02 -7.83574371e+01]
 [ 4.47285026e-02  9.85413194e-01  1.64195687e-01 -1.30990341e+02]
 [ 2.33551003e-02 -1.65346727e-01  9.85958934e-01 -1.30992798e+02]
 [ 0.00000000e+00  0.00000000e+00  0.00000000e+00  1.00000000e+00]]
2024-10-24 03:29:51,333 - INFO - Generated mask: shape=(176, 256, 256), affine=
[[ 9.98725593e-01 -4.02656794e-02 -3.04101519e-02 -7.83574371e+01]
 [ 4.47285026e-02  9.85413194e-01  1.64195687e-01 -1.30990341e+02]
 [ 2.33551003e-02 -1.65346727e-01  9.85958934e-01 -1.30992798e+02]
 [ 0.00000000e+00  0.00000000e+00  0.00000000e+00  1.00000000e+00]]
2024-10-24 03:30:52,424 - INFO - Cleaned data: shape=(176, 256, 256, 184), min=-8.42090129852295, max=8.710665702819824, mean=2.489180720675339e-12
2024-10-24 03:30:52,484 - INFO - Memory usage after after loading and cleaning run: 67865.71 MB
2024-10-24 03:31:16,090 - INFO - Concatenated data shape: (176, 256, 256, 368)
2024-10-24 03:31:16,169 - INFO - Memory usage after after concatenating runs: 84057.71 MB
2024-10-24 03:35:56,194 - INFO - Creating Searchlight object for LO right...
2024-10-24 03:35:57,059 - INFO - Searchlight object created.
2024-10-24 03:35:57,059 - INFO - Distributing data...
2024-10-24 03:37:33,898 - INFO - Data distribution completed.
2024-10-24 03:37:33,898 - INFO - Broadcasting LO time series and psychological covariate...
2024-10-24 03:37:33,899 - INFO - Broadcasting completed.
2024-10-24 03:37:33,899 - INFO - Starting searchlight analysis...
2024-10-24 07:41:12,881 - INFO - Searchlight analysis completed.
2024-10-24 07:41:12,882 - INFO - Memory usage after after searchlight: 85093.46 MB
2024-10-24 07:41:14,928 - INFO - Saved searchlight result to /lab_data/behrmannlab/vlad/ptoc/sub-095/ses-01//derivatives/gca/searchlight_result_object_runs23_LO_right.nii.gz
2024-10-24 07:41:16,639 - INFO - Completed searchlight analysis with GCA for all subjects
Processing subject: sub-095
