Traceback (most recent call last):
  File "<string>", line 2, in <module>
ModuleNotFoundError: No module named 'brainiak.utils.fmriroi'
/home/csimmon2/anaconda3/envs/brainiak_env/lib/python3.7/site-packages/nilearn/__init__.py:67: FutureWarning: Python 3.7 support is deprecated and will be removed in release 0.12 of Nilearn. Consider switching to Python 3.9 or 3.10.
  _python_deprecation_warnings()
2024-10-17 16:27:45,834 - INFO - Running searchlight analysis with GCA for Object...
2024-10-17 16:27:46,046 - INFO - Processing pIPS left for run combination [1, 2] for subject sub-025
2024-10-17 16:27:46,080 - INFO - Output file /lab_data/behrmannlab/vlad/ptoc/sub-025/ses-01//derivatives/gca/searchlight_result_object_runs12_pIPS_left.nii.gz already exists. Skipping this run.
2024-10-17 16:27:46,080 - INFO - Processing pIPS left for run combination [1, 3] for subject sub-025
2024-10-17 16:27:46,080 - INFO - Output file /lab_data/behrmannlab/vlad/ptoc/sub-025/ses-01//derivatives/gca/searchlight_result_object_runs13_pIPS_left.nii.gz already exists. Skipping this run.
2024-10-17 16:27:46,080 - INFO - Processing pIPS left for run combination [2, 3] for subject sub-025
2024-10-17 16:27:46,080 - INFO - Output file /lab_data/behrmannlab/vlad/ptoc/sub-025/ses-01//derivatives/gca/searchlight_result_object_runs23_pIPS_left.nii.gz already exists. Skipping this run.
2024-10-17 16:27:46,080 - INFO - Processing pIPS right for run combination [1, 2] for subject sub-025
2024-10-17 16:27:46,111 - INFO - Output file /lab_data/behrmannlab/vlad/ptoc/sub-025/ses-01//derivatives/gca/searchlight_result_object_runs12_pIPS_right.nii.gz already exists. Skipping this run.
2024-10-17 16:27:46,111 - INFO - Processing pIPS right for run combination [1, 3] for subject sub-025
2024-10-17 16:27:46,111 - INFO - Output file /lab_data/behrmannlab/vlad/ptoc/sub-025/ses-01//derivatives/gca/searchlight_result_object_runs13_pIPS_right.nii.gz already exists. Skipping this run.
2024-10-17 16:27:46,111 - INFO - Processing pIPS right for run combination [2, 3] for subject sub-025
2024-10-17 16:27:46,111 - INFO - Loading run 2 from /lab_data/behrmannlab/vlad/hemispace/sub-025/ses-01/derivatives/fsl/loc/run-02/1stLevel.feat/filtered_func_data_reg.nii.gz
2024-10-17 16:27:46,298 - INFO - Functional image: shape=(176, 256, 256, 184), affine=
[[ 9.99702632e-01 -2.03442201e-02 -1.33508909e-02 -8.24147644e+01]
 [ 2.25902833e-02  9.79854107e-01  1.98432773e-01 -1.30027405e+02]
 [ 9.04495362e-03 -1.98675618e-01  9.80023563e-01 -1.08843857e+02]
 [ 0.00000000e+00  0.00000000e+00  0.00000000e+00  1.00000000e+00]]
2024-10-17 16:28:37,474 - INFO - Generated mask: shape=(176, 256, 256), affine=
[[ 9.99702632e-01 -2.03442201e-02 -1.33508909e-02 -8.24147644e+01]
 [ 2.25902833e-02  9.79854107e-01  1.98432773e-01 -1.30027405e+02]
 [ 9.04495362e-03 -1.98675618e-01  9.80023563e-01 -1.08843857e+02]
 [ 0.00000000e+00  0.00000000e+00  0.00000000e+00  1.00000000e+00]]
2024-10-17 16:29:33,486 - INFO - Cleaned data: shape=(176, 256, 256, 184), min=-8.139216423034668, max=7.172977447509766, mean=-4.0045710557987474e-13
2024-10-17 16:29:33,557 - INFO - Memory usage after after loading and cleaning run: 16396.43 MB
2024-10-17 16:29:33,557 - INFO - Loading run 3 from /lab_data/behrmannlab/vlad/hemispace/sub-025/ses-01/derivatives/fsl/loc/run-03/1stLevel.feat/filtered_func_data_reg.nii.gz
2024-10-17 16:29:33,691 - INFO - Functional image: shape=(176, 256, 256, 184), affine=
[[ 9.99702632e-01 -2.03442201e-02 -1.33508909e-02 -8.24147644e+01]
 [ 2.25902833e-02  9.79854107e-01  1.98432773e-01 -1.30027405e+02]
 [ 9.04495362e-03 -1.98675618e-01  9.80023563e-01 -1.08843857e+02]
 [ 0.00000000e+00  0.00000000e+00  0.00000000e+00  1.00000000e+00]]
2024-10-17 16:30:22,833 - INFO - Generated mask: shape=(176, 256, 256), affine=
[[ 9.99702632e-01 -2.03442201e-02 -1.33508909e-02 -8.24147644e+01]
 [ 2.25902833e-02  9.79854107e-01  1.98432773e-01 -1.30027405e+02]
 [ 9.04495362e-03 -1.98675618e-01  9.80023563e-01 -1.08843857e+02]
 [ 0.00000000e+00  0.00000000e+00  0.00000000e+00  1.00000000e+00]]
2024-10-17 16:31:26,924 - INFO - Cleaned data: shape=(176, 256, 256, 184), min=-10.20358657836914, max=7.9176740646362305, mean=-1.268077185376369e-12
2024-10-17 16:31:27,013 - INFO - Memory usage after after loading and cleaning run: 32602.76 MB
2024-10-17 16:31:58,971 - INFO - Concatenated data shape: (176, 256, 256, 368)
2024-10-17 16:31:59,050 - INFO - Memory usage after after concatenating runs: 48794.76 MB
2024-10-17 16:36:11,251 - INFO - Creating Searchlight object for pIPS right...
2024-10-17 16:36:11,254 - INFO - Searchlight object created.
2024-10-17 16:36:11,254 - INFO - Distributing data...
2024-10-17 16:37:41,418 - INFO - Data distribution completed.
2024-10-17 16:37:41,419 - INFO - Broadcasting pIPS time series and psychological covariate...
2024-10-17 16:37:41,419 - INFO - Broadcasting completed.
2024-10-17 16:37:41,419 - INFO - Starting searchlight analysis...
2024-10-17 21:49:15,026 - INFO - Searchlight analysis completed.
2024-10-17 21:49:15,051 - INFO - Memory usage after after searchlight: 85617.82 MB
2024-10-17 21:49:18,512 - INFO - Saved searchlight result to /lab_data/behrmannlab/vlad/ptoc/sub-025/ses-01//derivatives/gca/searchlight_result_object_runs23_pIPS_right.nii.gz
2024-10-17 21:49:20,385 - INFO - Processing LO left for run combination [1, 2] for subject sub-025
2024-10-17 21:49:20,387 - INFO - Loading run 1 from /lab_data/behrmannlab/vlad/hemispace/sub-025/ses-01/derivatives/fsl/loc/run-01/1stLevel.feat/filtered_func_data_reg.nii.gz
2024-10-17 21:49:21,417 - INFO - Functional image: shape=(176, 256, 256, 184), affine=
[[ 9.99702632e-01 -2.03442201e-02 -1.33508909e-02 -8.24147644e+01]
 [ 2.25902833e-02  9.79854107e-01  1.98432773e-01 -1.30027405e+02]
 [ 9.04495362e-03 -1.98675618e-01  9.80023563e-01 -1.08843857e+02]
 [ 0.00000000e+00  0.00000000e+00  0.00000000e+00  1.00000000e+00]]
2024-10-17 21:50:31,032 - INFO - Generated mask: shape=(176, 256, 256), affine=
[[ 9.99702632e-01 -2.03442201e-02 -1.33508909e-02 -8.24147644e+01]
 [ 2.25902833e-02  9.79854107e-01  1.98432773e-01 -1.30027405e+02]
 [ 9.04495362e-03 -1.98675618e-01  9.80023563e-01 -1.08843857e+02]
 [ 0.00000000e+00  0.00000000e+00  0.00000000e+00  1.00000000e+00]]
2024-10-17 21:51:54,752 - INFO - Cleaned data: shape=(176, 256, 256, 184), min=-8.010056495666504, max=7.608198642730713, mean=1.0477874857293747e-12
2024-10-17 21:51:54,825 - INFO - Memory usage after after loading and cleaning run: 68581.39 MB
2024-10-17 21:51:55,668 - INFO - Loading run 2 from /lab_data/behrmannlab/vlad/hemispace/sub-025/ses-01/derivatives/fsl/loc/run-02/1stLevel.feat/filtered_func_data_reg.nii.gz
2024-10-17 21:51:56,099 - INFO - Functional image: shape=(176, 256, 256, 184), affine=
[[ 9.99702632e-01 -2.03442201e-02 -1.33508909e-02 -8.24147644e+01]
 [ 2.25902833e-02  9.79854107e-01  1.98432773e-01 -1.30027405e+02]
 [ 9.04495362e-03 -1.98675618e-01  9.80023563e-01 -1.08843857e+02]
 [ 0.00000000e+00  0.00000000e+00  0.00000000e+00  1.00000000e+00]]
2024-10-17 21:52:50,813 - INFO - Generated mask: shape=(176, 256, 256), affine=
[[ 9.99702632e-01 -2.03442201e-02 -1.33508909e-02 -8.24147644e+01]
 [ 2.25902833e-02  9.79854107e-01  1.98432773e-01 -1.30027405e+02]
 [ 9.04495362e-03 -1.98675618e-01  9.80023563e-01 -1.08843857e+02]
 [ 0.00000000e+00  0.00000000e+00  0.00000000e+00  1.00000000e+00]]
2024-10-17 21:54:12,868 - INFO - Cleaned data: shape=(176, 256, 256, 184), min=-8.139216423034668, max=7.172977447509766, mean=-4.0045710557987474e-13
2024-10-17 21:54:12,918 - INFO - Memory usage after after loading and cleaning run: 68493.39 MB
2024-10-17 21:54:49,889 - INFO - Concatenated data shape: (176, 256, 256, 368)
2024-10-17 21:54:50,836 - INFO - Memory usage after after concatenating runs: 84685.39 MB
2024-10-17 22:00:50,393 - INFO - Creating Searchlight object for LO left...
2024-10-17 22:00:50,893 - INFO - Searchlight object created.
2024-10-17 22:00:50,893 - INFO - Distributing data...
2024-10-17 22:02:47,358 - INFO - Data distribution completed.
2024-10-17 22:02:47,359 - INFO - Broadcasting LO time series and psychological covariate...
2024-10-17 22:02:47,359 - INFO - Broadcasting completed.
2024-10-17 22:02:47,359 - INFO - Starting searchlight analysis...
                                                                                                                                                                                                                                                                                                                                                                                                                                                                                                                                                                                                                                                                                                                                                                                                                                                                                                                                                                                                                                                                                                                                                                                                                                                                                                                                                                                                                                                                                                                                                                                                                                                                                                                                                                                                                                                                                                                                                                                                                                                                                                                                                                                                                                                                                                                                                                                                                                                                                                                                                                                                                                                                                                                                                                                                                                                                                                                                                                                                                                                                                                                                                                                                                                                                                                                                                                                                                                                                                                                                                                                                                                                                                                                                                                                                                                                                                                                                                                                                                                                                                                                                                                           2.03442201e-02 -1.33508909e-02 -8.24147644e+01]
 [ 2.25902833e-02  9.79854107e-01  1.98432773e-01 -1.30027405e+02]
 [ 9.04495362e-03 -1.98675618e-01  9.80023563e-01 -1.08843857e+02]
 [ 0.00000000e+00  0.00000000e+00  0.00000000e+00  1.00000000e+00]]
2024-10-18 09:15:56,279 - INFO - Generated mask: shape=(176, 256, 256), affine=
[[ 9.99702632e-01 -2.03442201e-02 -1.33508909e-02 -8.24147644e+01]
 [ 2.25902833e-02  9.79854107e-01  1.98432773e-01 -1.30027405e+02]
 [ 9.04495362e-03 -1.98675618e-01  9.80023563e-01 -1.08843857e+02]
 [ 0.00000000e+00  0.00000000e+00  0.00000000e+00  1.00000000e+00]]
2024-10-18 09:17:22,288 - INFO - Cleaned data: shape=(176, 256, 256, 184), min=-8.139216423034668, max=7.172977447509766, mean=-4.0045710557987474e-13
2024-10-18 09:17:22,338 - INFO - Memory usage after after loading and cleaning run: 68843.55 MB
2024-10-18 09:17:23,575 - INFO - Loading run 3 from /lab_data/behrmannlab/vlad/hemispace/sub-025/ses-01/derivatives/fsl/loc/run-03/1stLevel.feat/filtered_func_data_reg.nii.gz
2024-10-18 09:17:23,846 - INFO - Functional image: shape=(176, 256, 256, 184), affine=
[[ 9.99702632e-01 -2.03442201e-02 -1.33508909e-02 -8.24147644e+01]
 [ 2.25902833e-02  9.79854107e-01  1.98432773e-01 -1.30027405e+02]
 [ 9.04495362e-03 -1.98675618e-01  9.80023563e-01 -1.08843857e+02]
 [ 0.00000000e+00  0.00000000e+00  0.00000000e+00  1.00000000e+00]]
2024-10-18 09:18:19,452 - INFO - Generated mask: shape=(176, 256, 256), affine=
[[ 9.99702632e-01 -2.03442201e-02 -1.33508909e-02 -8.24147644e+01]
 [ 2.25902833e-02  9.79854107e-01  1.98432773e-01 -1.30027405e+02]
 [ 9.04495362e-03 -1.98675618e-01  9.80023563e-01 -1.08843857e+02]
 [ 0.00000000e+00  0.00000000e+00  0.00000000e+00  1.00000000e+00]]
2024-10-18 09:19:58,708 - INFO - Cleaned data: shape=(176, 256, 256, 184), min=-10.20358657836914, max=7.9176740646362305, mean=-1.268077185376369e-12
2024-10-18 09:19:58,758 - INFO - Memory usage after after loading and cleaning run: 68843.55 MB
2024-10-18 09:20:36,730 - INFO - Concatenated data shape: (176, 256, 256, 368)
2024-10-18 09:20:37,499 - INFO - Memory usage after after concatenating runs: 85035.55 MB
2024-10-18 09:25:28,671 - INFO - Creating Searchlight object for LO left...
2024-10-18 09:25:29,775 - INFO - Searchlight object created.
2024-10-18 09:25:29,775 - INFO - Distributing data...
2024-10-18 09:26:52,012 - INFO - Data distribution completed.
2024-10-18 09:26:52,013 - INFO - Broadcasting LO time series and psychological covariate...
2024-10-18 09:26:52,013 - INFO - Broadcasting completed.
2024-10-18 09:26:52,013 - INFO - Starting searchlight analysis...
