Traceback (most recent call last):
  File "<string>", line 2, in <module>
ModuleNotFoundError: No module named 'brainiak.utils.fmriroi'
/home/csimmon2/anaconda3/envs/brainiak_env/lib/python3.7/site-packages/nilearn/__init__.py:67: FutureWarning: Python 3.7 support is deprecated and will be removed in release 0.12 of Nilearn. Consider switching to Python 3.9 or 3.10.
  _python_deprecation_warnings()
2025-01-01 15:32:36,522 - INFO - Running searchlight analysis with GCA for Tool localizer...
2025-01-01 15:32:36,613 - INFO - Memory usage after start of ROI/hemi iteration: 142.75 MB
2025-01-01 15:32:36,651 - INFO - Memory usage after start of run combination: 142.75 MB
2025-01-01 15:32:36,651 - INFO - Processing pIPS left for run combination [1, 2] for subject sub-spaceloc1005
2025-01-01 15:32:36,696 - INFO - Output file /lab_data/behrmannlab/vlad/ptoc/sub-spaceloc1005/ses-01//derivatives/gca/searchlight_result_tool_runs12_pIPS_left_1217.nii.gz already exists. Skipping this run.
2025-01-01 15:32:36,746 - INFO - Memory usage after start of run combination: 142.75 MB
2025-01-01 15:32:36,746 - INFO - Processing pIPS left for run combination [2, 1] for subject sub-spaceloc1005
2025-01-01 15:32:36,747 - INFO - Output file /lab_data/behrmannlab/vlad/ptoc/sub-spaceloc1005/ses-01//derivatives/gca/searchlight_result_tool_runs21_pIPS_left_1217.nii.gz already exists. Skipping this run.
2025-01-01 15:32:36,790 - INFO - Memory usage after start of ROI/hemi iteration: 142.75 MB
2025-01-01 15:32:36,828 - INFO - Memory usage after start of run combination: 142.75 MB
2025-01-01 15:32:36,828 - INFO - Processing pIPS right for run combination [1, 2] for subject sub-spaceloc1005
2025-01-01 15:32:36,828 - INFO - Output file /lab_data/behrmannlab/vlad/ptoc/sub-spaceloc1005/ses-01//derivatives/gca/searchlight_result_tool_runs12_pIPS_right_1217.nii.gz already exists. Skipping this run.
2025-01-01 15:32:36,865 - INFO - Memory usage after start of run combination: 142.75 MB
2025-01-01 15:32:36,865 - INFO - Processing pIPS right for run combination [2, 1] for subject sub-spaceloc1005
2025-01-01 15:32:36,865 - INFO - Output file /lab_data/behrmannlab/vlad/ptoc/sub-spaceloc1005/ses-01//derivatives/gca/searchlight_result_tool_runs21_pIPS_right_1217.nii.gz already exists. Skipping this run.
2025-01-01 15:32:36,901 - INFO - Memory usage after start of ROI/hemi iteration: 142.75 MB
2025-01-01 15:32:36,937 - INFO - Memory usage after start of run combination: 142.75 MB
2025-01-01 15:32:36,937 - INFO - Processing LO left for run combination [1, 2] for subject sub-spaceloc1005
2025-01-01 15:32:36,937 - INFO - Output file /lab_data/behrmannlab/vlad/ptoc/sub-spaceloc1005/ses-01//derivatives/gca/searchlight_result_tool_runs12_LO_left_1217.nii.gz already exists. Skipping this run.
2025-01-01 15:32:36,973 - INFO - Memory usage after start of run combination: 142.75 MB
2025-01-01 15:32:36,974 - INFO - Processing LO left for run combination [2, 1] for subject sub-spaceloc1005
2025-01-01 15:32:36,974 - INFO - Output file /lab_data/behrmannlab/vlad/ptoc/sub-spaceloc1005/ses-01//derivatives/gca/searchlight_result_tool_runs21_LO_left_1217.nii.gz already exists. Skipping this run.
2025-01-01 15:32:37,010 - INFO - Memory usage after start of ROI/hemi iteration: 142.75 MB
2025-01-01 15:32:37,046 - INFO - Memory usage after start of run combination: 142.75 MB
2025-01-01 15:32:37,046 - INFO - Processing LO right for run combination [1, 2] for subject sub-spaceloc1005
2025-01-01 15:32:37,292 - INFO - Functional image: shape=(208, 240, 256, 341), affine=
[[ 9.99755919e-01 -2.06312444e-02  7.34073343e-03 -1.02843178e+02]
 [ 2.13742349e-02  9.92267907e-01 -1.22260012e-01 -7.74972382e+01]
 [-4.76157758e-03  1.22387603e-01  9.92470980e-01 -1.36000244e+02]
 [ 0.00000000e+00  0.00000000e+00  0.00000000e+00  1.00000000e+00]]
2025-01-01 15:34:14,322 - INFO - Generated mask: shape=(208, 240, 256), affine=
[[ 9.99755919e-01 -2.06312444e-02  7.34073343e-03 -1.02843178e+02]
 [ 2.13742349e-02  9.92267907e-01 -1.22260012e-01 -7.74972382e+01]
 [-4.76157758e-03  1.22387603e-01  9.92470980e-01 -1.36000244e+02]
 [ 0.00000000e+00  0.00000000e+00  0.00000000e+00  1.00000000e+00]]
2025-01-01 15:38:43,672 - INFO - Cleaned data: shape=(208, 240, 256, 341), min=-11.53812313079834, max=13.088516235351562, mean=-9.453230016874195e-13
2025-01-01 15:38:45,161 - INFO - Memory usage after after loading and cleaning run: 33458.24 MB
2025-01-01 15:38:45,161 - INFO - Memory usage after after loading analysis run: 33458.24 MB
2025-01-01 15:44:28,629 - INFO - Memory usage after after ROI extraction: 33459.73 MB
2025-01-01 15:44:28,629 - INFO - Creating Searchlight object for LO right...
2025-01-01 15:44:28,631 - INFO - Searchlight object created.
2025-01-01 15:44:28,631 - INFO - Distributing data...
2025-01-01 15:46:31,732 - INFO - Memory usage after after data distribution: 36261.41 MB
2025-01-01 15:46:31,733 - INFO - Broadcasting LO time series and psychological covariate...
2025-01-01 15:46:31,733 - INFO - Broadcasting completed.
2025-01-01 15:46:31,733 - INFO - Starting searchlight analysis...
2025-01-01 20:15:21,708 - INFO - Searchlight analysis completed.
2025-01-01 20:15:21,709 - INFO - Memory usage after after searchlight: 37186.72 MB
2025-01-01 20:15:23,678 - INFO - Saved searchlight result to /lab_data/behrmannlab/vlad/ptoc/sub-spaceloc1005/ses-01//derivatives/gca/searchlight_result_tool_runs12_LO_right_1217.nii.gz
2025-01-01 20:15:24,855 - INFO - Memory usage after after cleanup: 20777.55 MB
2025-01-01 20:15:24,887 - INFO - Memory usage after start of run combination: 20777.55 MB
2025-01-01 20:15:24,887 - INFO - Processing LO right for run combination [2, 1] for subject sub-spaceloc1005
2025-01-01 20:15:25,104 - INFO - Functional image: shape=(208, 240, 256, 341), affine=
[[ 9.99755919e-01 -2.06312444e-02  7.34073343e-03 -1.02843178e+02]
 [ 2.13742349e-02  9.92267907e-01 -1.22260012e-01 -7.74972382e+01]
 [-4.76157758e-03  1.22387603e-01  9.92470980e-01 -1.36000244e+02]
 [ 0.00000000e+00  0.00000000e+00  0.00000000e+00  1.00000000e+00]]
2025-01-01 20:17:16,610 - INFO - Generated mask: shape=(208, 240, 256), affine=
[[ 9.99755919e-01 -2.06312444e-02  7.34073343e-03 -1.02843178e+02]
 [ 2.13742349e-02  9.92267907e-01 -1.22260012e-01 -7.74972382e+01]
 [-4.76157758e-03  1.22387603e-01  9.92470980e-01 -1.36000244e+02]
 [ 0.00000000e+00  0.00000000e+00  0.00000000e+00  1.00000000e+00]]
2025-01-01 20:22:26,162 - INFO - Cleaned data: shape=(208, 240, 256, 341), min=-11.998579978942871, max=13.412396430969238, mean=7.637586002311592e-13
2025-01-01 20:22:26,674 - INFO - Memory usage after after loading and cleaning run: 54025.05 MB
2025-01-01 20:22:26,674 - INFO - Memory usage after after loading analysis run: 54025.05 MB
