Traceback (most recent call last):
  File "<string>", line 2, in <module>
ModuleNotFoundError: No module named 'brainiak.utils.fmriroi'
/home/csimmon2/anaconda3/envs/brainiak_env/lib/python3.7/site-packages/nilearn/__init__.py:67: FutureWarning: Python 3.7 support is deprecated and will be removed in release 0.12 of Nilearn. Consider switching to Python 3.9 or 3.10.
  _python_deprecation_warnings()
2024-10-19 00:08:04,612 - INFO - Running searchlight analysis with GCA for Object...
2024-10-19 00:08:04,737 - INFO - Processing pIPS left for run combination [1, 2] for subject sub-068
2024-10-19 00:08:04,738 - INFO - Loading run 1 from /lab_data/behrmannlab/vlad/hemispace/sub-068/ses-01/derivatives/fsl/loc/run-01/1stLevel.feat/filtered_func_data_reg.nii.gz
2024-10-19 00:08:05,024 - INFO - Functional image: shape=(176, 256, 256, 184), affine=
[[ 9.98939812e-01 -6.02901215e-04  4.60115597e-02 -9.44656754e+01]
 [-7.33300578e-03  9.85050142e-01  1.72111794e-01 -1.28014954e+02]
 [-4.54274192e-02 -1.72266886e-01  9.84002292e-01 -1.29117676e+02]
 [ 0.00000000e+00  0.00000000e+00  0.00000000e+00  1.00000000e+00]]
2024-10-19 00:08:40,901 - INFO - Generated mask: shape=(176, 256, 256), affine=
[[ 9.98939812e-01 -6.02901215e-04  4.60115597e-02 -9.44656754e+01]
 [-7.33300578e-03  9.85050142e-01  1.72111794e-01 -1.28014954e+02]
 [-4.54274192e-02 -1.72266886e-01  9.84002292e-01 -1.29117676e+02]
 [ 0.00000000e+00  0.00000000e+00  0.00000000e+00  1.00000000e+00]]
2024-10-19 00:09:32,180 - INFO - Cleaned data: shape=(176, 256, 256, 184), min=-12.607921600341797, max=12.311534881591797, mean=1.2635142121132466e-12
2024-10-19 00:09:32,247 - INFO - Memory usage after after loading and cleaning run: 16396.56 MB
2024-10-19 00:09:32,247 - INFO - Loading run 2 from /lab_data/behrmannlab/vlad/hemispace/sub-068/ses-01/derivatives/fsl/loc/run-02/1stLevel.feat/filtered_func_data_reg.nii.gz
2024-10-19 00:09:32,518 - INFO - Functional image: shape=(176, 256, 256, 184), affine=
[[ 9.98939812e-01 -6.02901215e-04  4.60115597e-02 -9.44656754e+01]
 [-7.33300578e-03  9.85050142e-01  1.72111794e-01 -1.28014954e+02]
 [-4.54274192e-02 -1.72266886e-01  9.84002292e-01 -1.29117676e+02]
 [ 0.00000000e+00  0.00000000e+00  0.00000000e+00  1.00000000e+00]]
2024-10-19 00:10:07,324 - INFO - Generated mask: shape=(176, 256, 256), affine=
[[ 9.98939812e-01 -6.02901215e-04  4.60115597e-02 -9.44656754e+01]
 [-7.33300578e-03  9.85050142e-01  1.72111794e-01 -1.28014954e+02]
 [-4.54274192e-02 -1.72266886e-01  9.84002292e-01 -1.29117676e+02]
 [ 0.00000000e+00  0.00000000e+00  0.00000000e+00  1.00000000e+00]]
2024-10-19 00:10:58,507 - INFO - Cleaned data: shape=(176, 256, 256, 184), min=-10.956995010375977, max=11.638981819152832, mean=-5.422329297265798e-13
2024-10-19 00:10:58,587 - INFO - Memory usage after after loading and cleaning run: 32602.81 MB
2024-10-19 00:11:13,572 - INFO - Concatenated data shape: (176, 256, 256, 368)
2024-10-19 00:11:13,646 - INFO - Memory usage after after concatenating runs: 48795.61 MB
2024-10-19 00:14:13,395 - INFO - Creating Searchlight object for pIPS left...
2024-10-19 00:14:13,397 - INFO - Searchlight object created.
2024-10-19 00:14:13,397 - INFO - Distributing data...
2024-10-19 00:15:19,647 - INFO - Data distribution completed.
2024-10-19 00:15:19,647 - INFO - Broadcasting pIPS time series and psychological covariate...
2024-10-19 00:15:19,647 - INFO - Broadcasting completed.
2024-10-19 00:15:19,648 - INFO - Starting searchlight analysis...
