Traceback (most recent call last):
  File "<string>", line 2, in <module>
ModuleNotFoundError: No module named 'brainiak.utils.fmriroi'
/home/csimmon2/anaconda3/envs/brainiak_env/lib/python3.7/site-packages/nilearn/__init__.py:67: FutureWarning: Python 3.7 support is deprecated and will be removed in release 0.12 of Nilearn. Consider switching to Python 3.9 or 3.10.
  _python_deprecation_warnings()
2024-10-16 18:53:34,782 - INFO - Running searchlight analysis with GCA for Object...
2024-10-16 18:53:34,797 - INFO - Processing pIPS left for run combination [1, 2] for subject sub-038
2024-10-16 18:53:34,797 - INFO - Loading run 1 from /lab_data/behrmannlab/vlad/hemispace/sub-038/ses-01/derivatives/fsl/loc/run-01/1stLevel.feat/filtered_func_data_reg.nii.gz
2024-10-16 18:53:34,831 - INFO - Functional image: shape=(176, 256, 256, 184), affine=
[[ 9.96910036e-01 -2.73250714e-02 -7.36571252e-02 -7.30209122e+01]
 [ 4.13804762e-02  9.79599476e-01  1.96653351e-01 -1.36845352e+02]
 [ 6.67809695e-02 -1.99093506e-01  9.77702439e-01 -1.12796982e+02]
 [ 0.00000000e+00  0.00000000e+00  0.00000000e+00  1.00000000e+00]]
2024-10-16 18:54:17,190 - INFO - Generated mask: shape=(176, 256, 256), affine=
[[ 9.96910036e-01 -2.73250714e-02 -7.36571252e-02 -7.30209122e+01]
 [ 4.13804762e-02  9.79599476e-01  1.96653351e-01 -1.36845352e+02]
 [ 6.67809695e-02 -1.99093506e-01  9.77702439e-01 -1.12796982e+02]
 [ 0.00000000e+00  0.00000000e+00  0.00000000e+00  1.00000000e+00]]
2024-10-16 18:55:07,851 - INFO - Cleaned data: shape=(176, 256, 256, 184), min=-13.077775955200195, max=12.635976791381836, mean=1.0764216445754773e-12
2024-10-16 18:55:07,922 - INFO - Memory usage after after loading and cleaning run: 16396.74 MB
2024-10-16 18:55:07,922 - INFO - Loading run 2 from /lab_data/behrmannlab/vlad/hemispace/sub-038/ses-01/derivatives/fsl/loc/run-02/1stLevel.feat/filtered_func_data_reg.nii.gz
2024-10-16 18:55:08,089 - INFO - Functional image: shape=(176, 256, 256, 184), affine=
[[ 9.96910036e-01 -2.73250714e-02 -7.36571252e-02 -7.30209122e+01]
 [ 4.13804762e-02  9.79599476e-01  1.96653351e-01 -1.36845352e+02]
 [ 6.67809695e-02 -1.99093506e-01  9.77702439e-01 -1.12796982e+02]
 [ 0.00000000e+00  0.00000000e+00  0.00000000e+00  1.00000000e+00]]
2024-10-16 18:55:49,795 - INFO - Generated mask: shape=(176, 256, 256), affine=
[[ 9.96910036e-01 -2.73250714e-02 -7.36571252e-02 -7.30209122e+01]
 [ 4.13804762e-02  9.79599476e-01  1.96653351e-01 -1.36845352e+02]
 [ 6.67809695e-02 -1.99093506e-01  9.77702439e-01 -1.12796982e+02]
 [ 0.00000000e+00  0.00000000e+00  0.00000000e+00  1.00000000e+00]]
2024-10-16 18:56:40,121 - INFO - Cleaned data: shape=(176, 256, 256, 184), min=-9.45079231262207, max=10.991277694702148, mean=-6.805074498046116e-13
2024-10-16 18:56:40,192 - INFO - Memory usage after after loading and cleaning run: 32606.73 MB
2024-10-16 18:56:55,469 - INFO - Concatenated data shape: (176, 256, 256, 368)
2024-10-16 18:56:55,559 - INFO - Memory usage after after concatenating runs: 48799.23 MB
2024-10-16 19:00:28,325 - INFO - Creating Searchlight object for pIPS left...
2024-10-16 19:00:28,328 - INFO - Searchlight object created.
2024-10-16 19:00:28,328 - INFO - Distributing data...
2024-10-16 19:01:54,362 - INFO - Data distribution completed.
2024-10-16 19:01:54,363 - INFO - Broadcasting pIPS time series and psychological covariate...
2024-10-16 19:01:54,363 - INFO - Broadcasting completed.
2024-10-16 19:01:54,363 - INFO - Starting searchlight analysis...
2024-10-16 23:38:32,831 - INFO - Searchlight analysis completed.
2024-10-16 23:38:32,832 - INFO - Memory usage after after searchlight: 85369.39 MB
2024-10-16 23:38:34,705 - INFO - Saved searchlight result to /lab_data/behrmannlab/vlad/ptoc/sub-038/ses-01//derivatives/gca/searchlight_result_object_runs12_pIPS_left.nii.gz
2024-10-16 23:38:35,428 - INFO - Processing pIPS left for run combination [1, 3] for subject sub-038
2024-10-16 23:38:35,430 - INFO - Loading run 1 from /lab_data/behrmannlab/vlad/hemispace/sub-038/ses-01/derivatives/fsl/loc/run-01/1stLevel.feat/filtered_func_data_reg.nii.gz
2024-10-16 23:38:35,576 - INFO - Functional image: shape=(176, 256, 256, 184), affine=
[[ 9.96910036e-01 -2.73250714e-02 -7.36571252e-02 -7.30209122e+01]
 [ 4.13804762e-02  9.79599476e-01  1.96653351e-01 -1.36845352e+02]
 [ 6.67809695e-02 -1.99093506e-01  9.77702439e-01 -1.12796982e+02]
 [ 0.00000000e+00  0.00000000e+00  0.00000000e+00  1.00000000e+00]]
2024-10-16 23:39:25,485 - INFO - Generated mask: shape=(176, 256, 256), affine=
[[ 9.96910036e-01 -2.73250714e-02 -7.36571252e-02 -7.30209122e+01]
 [ 4.13804762e-02  9.79599476e-01  1.96653351e-01 -1.36845352e+02]
 [ 6.67809695e-02 -1.99093506e-01  9.77702439e-01 -1.12796982e+02]
 [ 0.00000000e+00  0.00000000e+00  0.00000000e+00  1.00000000e+00]]
2024-10-16 23:40:17,229 - INFO - Cleaned data: shape=(176, 256, 256, 184), min=-13.077775955200195, max=12.635976791381836, mean=1.0764216445754773e-12
2024-10-16 23:40:17,279 - INFO - Memory usage after after loading and cleaning run: 68324.36 MB
2024-10-16 23:40:17,321 - INFO - Loading run 3 from /lab_data/behrmannlab/vlad/hemispace/sub-038/ses-01/derivatives/fsl/loc/run-03/1stLevel.feat/filtered_func_data_reg.nii.gz
2024-10-16 23:40:17,586 - INFO - Functional image: shape=(176, 256, 256, 184), affine=
[[ 9.96910036e-01 -2.73250714e-02 -7.36571252e-02 -7.30209122e+01]
 [ 4.13804762e-02  9.79599476e-01  1.96653351e-01 -1.36845352e+02]
 [ 6.67809695e-02 -1.99093506e-01  9.77702439e-01 -1.12796982e+02]
 [ 0.00000000e+00  0.00000000e+00  0.00000000e+00  1.00000000e+00]]
2024-10-16 23:41:01,622 - INFO - Generated mask: shape=(176, 256, 256), affine=
[[ 9.96910036e-01 -2.73250714e-02 -7.36571252e-02 -7.30209122e+01]
 [ 4.13804762e-02  9.79599476e-01  1.96653351e-01 -1.36845352e+02]
 [ 6.67809695e-02 -1.99093506e-01  9.77702439e-01 -1.12796982e+02]
 [ 0.00000000e+00  0.00000000e+00  0.00000000e+00  1.00000000e+00]]
2024-10-16 23:41:53,362 - INFO - Cleaned data: shape=(176, 256, 256, 184), min=-13.031553268432617, max=12.813577651977539, mean=-7.736720031301004e-13
2024-10-16 23:41:53,413 - INFO - Memory usage after after loading and cleaning run: 68236.36 MB
2024-10-16 23:42:19,086 - INFO - Concatenated data shape: (176, 256, 256, 368)
2024-10-16 23:42:19,163 - INFO - Memory usage after after concatenating runs: 84428.36 MB
2024-10-16 23:48:07,467 - INFO - Creating Searchlight object for pIPS left...
2024-10-16 23:48:08,633 - INFO - Searchlight object created.
2024-10-16 23:48:08,633 - INFO - Distributing data...
2024-10-16 23:50:08,866 - INFO - Data distribution completed.
2024-10-16 23:50:08,867 - INFO - Broadcasting pIPS time series and psychological covariate...
2024-10-16 23:50:08,867 - INFO - Broadcasting completed.
2024-10-16 23:50:08,867 - INFO - Starting searchlight analysis...
2024-10-17 04:34:42,991 - INFO - Searchlight analysis completed.
2024-10-17 04:34:42,993 - INFO - Memory usage after after searchlight: 85602.42 MB
2024-10-17 04:34:45,264 - INFO - Saved searchlight result to /lab_data/behrmannlab/vlad/ptoc/sub-038/ses-01//derivatives/gca/searchlight_result_object_runs13_pIPS_left.nii.gz
2024-10-17 04:34:47,334 - INFO - Processing pIPS left for run combination [2, 3] for subject sub-038
2024-10-17 04:34:47,420 - INFO - Loading run 2 from /lab_data/behrmannlab/vlad/hemispace/sub-038/ses-01/derivatives/fsl/loc/run-02/1stLevel.feat/filtered_func_data_reg.nii.gz
2024-10-17 04:34:47,803 - INFO - Functional image: shape=(176, 256, 256, 184), affine=
[[ 9.96910036e-01 -2.73250714e-02 -7.36571252e-02 -7.30209122e+01]
 [ 4.13804762e-02  9.79599476e-01  1.96653351e-01 -1.36845352e+02]
 [ 6.67809695e-02 -1.99093506e-01  9.77702439e-01 -1.12796982e+02]
 [ 0.00000000e+00  0.00000000e+00  0.00000000e+00  1.00000000e+00]]
2024-10-17 04:35:34,491 - INFO - Generated mask: shape=(176, 256, 256), affine=
[[ 9.96910036e-01 -2.73250714e-02 -7.36571252e-02 -7.30209122e+01]
 [ 4.13804762e-02  9.79599476e-01  1.96653351e-01 -1.36845352e+02]
 [ 6.67809695e-02 -1.99093506e-01  9.77702439e-01 -1.12796982e+02]
 [ 0.00000000e+00  0.00000000e+00  0.00000000e+00  1.00000000e+00]]
2024-10-17 04:36:36,048 - INFO - Cleaned data: shape=(176, 256, 256, 184), min=-9.45079231262207, max=10.991277694702148, mean=-6.805074498046116e-13
2024-10-17 04:36:36,099 - INFO - Memory usage after after loading and cleaning run: 68632.30 MB
2024-10-17 04:36:36,140 - INFO - Loading run 3 from /lab_data/behrmannlab/vlad/hemispace/sub-038/ses-01/derivatives/fsl/loc/run-03/1stLevel.feat/filtered_func_data_reg.nii.gz
2024-10-17 04:36:36,275 - INFO - Functional image: shape=(176, 256, 256, 184), affine=
[[ 9.96910036e-01 -2.73250714e-02 -7.36571252e-02 -7.30209122e+01]
 [ 4.13804762e-02  9.79599476e-01  1.96653351e-01 -1.36845352e+02]
 [ 6.67809695e-02 -1.99093506e-01  9.77702439e-01 -1.12796982e+02]
 [ 0.00000000e+00  0.00000000e+00  0.00000000e+00  1.00000000e+00]]
2024-10-17 04:37:21,340 - INFO - Generated mask: shape=(176, 256, 256), affine=
[[ 9.96910036e-01 -2.73250714e-02 -7.36571252e-02 -7.30209122e+01]
 [ 4.13804762e-02  9.79599476e-01  1.96653351e-01 -1.36845352e+02]
 [ 6.67809695e-02 -1.99093506e-01  9.77702439e-01 -1.12796982e+02]
 [ 0.00000000e+00  0.00000000e+00  0.00000000e+00  1.00000000e+00]]
2024-10-17 04:38:23,104 - INFO - Cleaned data: shape=(176, 256, 256, 184), min=-13.031553268432617, max=12.813577651977539, mean=-7.736720031301004e-13
2024-10-17 04:38:23,154 - INFO - Memory usage after after loading and cleaning run: 68709.30 MB
2024-10-17 04:38:48,015 - INFO - Concatenated data shape: (176, 256, 256, 368)
2024-10-17 04:38:48,092 - INFO - Memory usage after after concatenating runs: 84901.30 MB
2024-10-17 04:43:33,714 - INFO - Creating Searchlight object for pIPS left...
2024-10-17 04:43:33,735 - INFO - Searchlight object created.
2024-10-17 04:43:33,735 - INFO - Distributing data...
2024-10-17 04:45:37,578 - INFO - Data distribution completed.
2024-10-17 04:45:37,579 - INFO - Broadcasting pIPS time series and psychological covariate...
2024-10-17 04:45:37,579 - INFO - Broadcasting completed.
2024-10-17 04:45:37,579 - INFO - Starting searchlight analysis...
