Traceback (most recent call last):
  File "<string>", line 2, in <module>
ModuleNotFoundError: No module named 'brainiak.utils.fmriroi'
/home/csimmon2/anaconda3/envs/brainiak_env/lib/python3.7/site-packages/nilearn/__init__.py:67: FutureWarning: Python 3.7 support is deprecated and will be removed in release 0.12 of Nilearn. Consider switching to Python 3.9 or 3.10.
  _python_deprecation_warnings()
2025-01-07 11:05:42,402 - INFO - Running searchlight analysis with GCA for nontool localizer...
2025-01-07 11:05:42,452 - INFO - Memory usage after start of ROI/hemi iteration: 142.30 MB
2025-01-07 11:05:42,486 - INFO - Memory usage after start of run combination: 142.30 MB
2025-01-07 11:05:42,486 - INFO - Processing pIPS left for run combination [1, 2] for subject sub-spaceloc1005
2025-01-07 11:05:42,510 - INFO - Output file /lab_data/behrmannlab/vlad/ptoc/sub-spaceloc1005/ses-01//derivatives/gca/searchlight_result_nontool_runs12_pIPS_left_1217.nii.gz already exists. Skipping this run.
2025-01-07 11:05:42,545 - INFO - Memory usage after start of run combination: 142.30 MB
2025-01-07 11:05:42,545 - INFO - Processing pIPS left for run combination [2, 1] for subject sub-spaceloc1005
2025-01-07 11:05:42,546 - INFO - Output file /lab_data/behrmannlab/vlad/ptoc/sub-spaceloc1005/ses-01//derivatives/gca/searchlight_result_nontool_runs21_pIPS_left_1217.nii.gz already exists. Skipping this run.
2025-01-07 11:05:42,580 - INFO - Memory usage after start of ROI/hemi iteration: 142.30 MB
2025-01-07 11:05:42,614 - INFO - Memory usage after start of run combination: 142.30 MB
2025-01-07 11:05:42,614 - INFO - Processing pIPS right for run combination [1, 2] for subject sub-spaceloc1005
2025-01-07 11:05:42,614 - INFO - Output file /lab_data/behrmannlab/vlad/ptoc/sub-spaceloc1005/ses-01//derivatives/gca/searchlight_result_nontool_runs12_pIPS_right_1217.nii.gz already exists. Skipping this run.
2025-01-07 11:05:42,648 - INFO - Memory usage after start of run combination: 142.30 MB
2025-01-07 11:05:42,648 - INFO - Processing pIPS right for run combination [2, 1] for subject sub-spaceloc1005
2025-01-07 11:05:42,875 - INFO - Functional image: shape=(208, 240, 256, 341), affine=
[[ 9.99755919e-01 -2.06312444e-02  7.34073343e-03 -1.02843178e+02]
 [ 2.13742349e-02  9.92267907e-01 -1.22260012e-01 -7.74972382e+01]
 [-4.76157758e-03  1.22387603e-01  9.92470980e-01 -1.36000244e+02]
 [ 0.00000000e+00  0.00000000e+00  0.00000000e+00  1.00000000e+00]]
2025-01-07 11:06:57,320 - INFO - Generated mask: shape=(208, 240, 256), affine=
[[ 9.99755919e-01 -2.06312444e-02  7.34073343e-03 -1.02843178e+02]
 [ 2.13742349e-02  9.92267907e-01 -1.22260012e-01 -7.74972382e+01]
 [-4.76157758e-03  1.22387603e-01  9.92470980e-01 -1.36000244e+02]
 [ 0.00000000e+00  0.00000000e+00  0.00000000e+00  1.00000000e+00]]
2025-01-07 11:08:45,401 - INFO - Cleaned data: shape=(208, 240, 256, 341), min=-11.998579978942871, max=13.412396430969238, mean=7.637586002311592e-13
2025-01-07 11:08:45,516 - INFO - Memory usage after after loading and cleaning run: 33464.43 MB
2025-01-07 11:08:45,516 - INFO - Memory usage after after loading analysis run: 33464.43 MB
2025-01-07 11:11:38,176 - INFO - Memory usage after after ROI extraction: 33469.38 MB
2025-01-07 11:11:38,176 - INFO - Creating Searchlight object for pIPS right...
2025-01-07 11:11:38,178 - INFO - Searchlight object created.
2025-01-07 11:11:38,178 - INFO - Distributing data...
2025-01-07 11:12:37,314 - INFO - Memory usage after after data distribution: 37812.65 MB
2025-01-07 11:12:37,315 - INFO - Broadcasting pIPS time series and psychological covariate...
2025-01-07 11:12:37,315 - INFO - Broadcasting completed.
2025-01-07 11:12:37,315 - INFO - Starting searchlight analysis...
2025-01-07 15:40:15,189 - INFO - Searchlight analysis completed.
2025-01-07 15:40:15,190 - INFO - Memory usage after after searchlight: 38771.03 MB
2025-01-07 15:40:17,025 - INFO - Saved searchlight result to /lab_data/behrmannlab/vlad/ptoc/sub-spaceloc1005/ses-01//derivatives/gca/searchlight_result_nontool_runs21_pIPS_right_1217.nii.gz
2025-01-07 15:40:17,794 - INFO - Memory usage after after cleanup: 21557.95 MB
2025-01-07 15:40:17,825 - INFO - Memory usage after start of ROI/hemi iteration: 21557.95 MB
2025-01-07 15:40:17,851 - INFO - Memory usage after start of run combination: 21557.95 MB
2025-01-07 15:40:17,851 - INFO - Processing LO left for run combination [1, 2] for subject sub-spaceloc1005
2025-01-07 15:40:18,206 - INFO - Functional image: shape=(208, 240, 256, 341), affine=
[[ 9.99755919e-01 -2.06312444e-02  7.34073343e-03 -1.02843178e+02]
 [ 2.13742349e-02  9.92267907e-01 -1.22260012e-01 -7.74972382e+01]
 [-4.76157758e-03  1.22387603e-01  9.92470980e-01 -1.36000244e+02]
 [ 0.00000000e+00  0.00000000e+00  0.00000000e+00  1.00000000e+00]]
2025-01-07 15:41:29,844 - INFO - Generated mask: shape=(208, 240, 256), affine=
[[ 9.99755919e-01 -2.06312444e-02  7.34073343e-03 -1.02843178e+02]
 [ 2.13742349e-02  9.92267907e-01 -1.22260012e-01 -7.74972382e+01]
 [-4.76157758e-03  1.22387603e-01  9.92470980e-01 -1.36000244e+02]
 [ 0.00000000e+00  0.00000000e+00  0.00000000e+00  1.00000000e+00]]
2025-01-07 15:43:17,699 - INFO - Cleaned data: shape=(208, 240, 256, 341), min=-11.53812313079834, max=13.088516235351562, mean=-9.453230016874195e-13
2025-01-07 15:43:17,759 - INFO - Memory usage after after loading and cleaning run: 54807.32 MB
2025-01-07 15:43:17,759 - INFO - Memory usage after after loading analysis run: 54807.32 MB
2025-01-07 15:46:17,687 - INFO - Memory usage after after ROI extraction: 54807.57 MB
2025-01-07 15:46:17,687 - INFO - Creating Searchlight object for LO left...
2025-01-07 15:46:17,689 - INFO - Searchlight object created.
2025-01-07 15:46:17,689 - INFO - Distributing data...
2025-01-07 15:47:08,652 - INFO - Memory usage after after data distribution: 36285.06 MB
2025-01-07 15:47:08,653 - INFO - Broadcasting LO time series and psychological covariate...
2025-01-07 15:47:08,653 - INFO - Broadcasting completed.
2025-01-07 15:47:08,653 - INFO - Starting searchlight analysis...
2025-01-07 20:03:26,133 - INFO - Searchlight analysis completed.
2025-01-07 20:03:26,134 - INFO - Memory usage after after searchlight: 37209.47 MB
2025-01-07 20:03:27,910 - INFO - Saved searchlight result to /lab_data/behrmannlab/vlad/ptoc/sub-spaceloc1005/ses-01//derivatives/gca/searchlight_result_nontool_runs12_LO_left_1217.nii.gz
2025-01-07 20:03:28,465 - INFO - Memory usage after after cleanup: 21585.85 MB
2025-01-07 20:03:28,495 - INFO - Memory usage after start of run combination: 21585.85 MB
2025-01-07 20:03:28,495 - INFO - Processing LO left for run combination [2, 1] for subject sub-spaceloc1005
2025-01-07 20:03:28,619 - INFO - Functional image: shape=(208, 240, 256, 341), affine=
[[ 9.99755919e-01 -2.06312444e-02  7.34073343e-03 -1.02843178e+02]
 [ 2.13742349e-02  9.92267907e-01 -1.22260012e-01 -7.74972382e+01]
 [-4.76157758e-03  1.22387603e-01  9.92470980e-01 -1.36000244e+02]
 [ 0.00000000e+00  0.00000000e+00  0.00000000e+00  1.00000000e+00]]
2025-01-07 20:04:41,158 - INFO - Generated mask: shape=(208, 240, 256), affine=
[[ 9.99755919e-01 -2.06312444e-02  7.34073343e-03 -1.02843178e+02]
 [ 2.13742349e-02  9.92267907e-01 -1.22260012e-01 -7.74972382e+01]
 [-4.76157758e-03  1.22387603e-01  9.92470980e-01 -1.36000244e+02]
 [ 0.00000000e+00  0.00000000e+00  0.00000000e+00  1.00000000e+00]]
2025-01-07 20:06:30,567 - INFO - Cleaned data: shape=(208, 240, 256, 341), min=-11.998579978942871, max=13.412396430969238, mean=7.637586002311592e-13
2025-01-07 20:06:30,627 - INFO - Memory usage after after loading and cleaning run: 54833.36 MB
2025-01-07 20:06:30,627 - INFO - Memory usage after after loading analysis run: 54833.36 MB
2025-01-07 20:09:36,992 - INFO - Memory usage after after ROI extraction: 54833.61 MB
2025-01-07 20:09:36,993 - INFO - Creating Searchlight object for LO left...
2025-01-07 20:09:36,994 - INFO - Searchlight object created.
2025-01-07 20:09:36,994 - INFO - Distributing data...
2025-01-07 20:10:31,894 - INFO - Memory usage after after data distribution: 37827.20 MB
2025-01-07 20:10:31,894 - INFO - Broadcasting LO time series and psychological covariate...
2025-01-07 20:10:31,894 - INFO - Broadcasting completed.
2025-01-07 20:10:31,895 - INFO - Starting searchlight analysis...
2025-01-08 00:38:50,638 - INFO - Searchlight analysis completed.
2025-01-08 00:38:50,639 - INFO - Memory usage after after searchlight: 38785.14 MB
2025-01-08 00:38:52,489 - INFO - Saved searchlight result to /lab_data/behrmannlab/vlad/ptoc/sub-spaceloc1005/ses-01//derivatives/gca/searchlight_result_nontool_runs21_LO_left_1217.nii.gz
2025-01-08 00:38:53,138 - INFO - Memory usage after after cleanup: 21557.55 MB
2025-01-08 00:38:53,168 - INFO - Memory usage after start of ROI/hemi iteration: 21557.55 MB
2025-01-08 00:38:53,195 - INFO - Memory usage after start of run combination: 21557.55 MB
2025-01-08 00:38:53,195 - INFO - Processing LO right for run combination [1, 2] for subject sub-spaceloc1005
2025-01-08 00:38:53,345 - INFO - Functional image: shape=(208, 240, 256, 341), affine=
[[ 9.99755919e-01 -2.06312444e-02  7.34073343e-03 -1.02843178e+02]
 [ 2.13742349e-02  9.92267907e-01 -1.22260012e-01 -7.74972382e+01]
 [-4.76157758e-03  1.22387603e-01  9.92470980e-01 -1.36000244e+02]
 [ 0.00000000e+00  0.00000000e+00  0.00000000e+00  1.00000000e+00]]
2025-01-08 00:40:06,266 - INFO - Generated mask: shape=(208, 240, 256), affine=
[[ 9.99755919e-01 -2.06312444e-02  7.34073343e-03 -1.02843178e+02]
 [ 2.13742349e-02  9.92267907e-01 -1.22260012e-01 -7.74972382e+01]
 [-4.76157758e-03  1.22387603e-01  9.92470980e-01 -1.36000244e+02]
 [ 0.00000000e+00  0.00000000e+00  0.00000000e+00  1.00000000e+00]]
2025-01-08 00:41:54,577 - INFO - Cleaned data: shape=(208, 240, 256, 341), min=-11.53812313079834, max=13.088516235351562, mean=-9.453230016874195e-13
2025-01-08 00:41:54,638 - INFO - Memory usage after after loading and cleaning run: 54805.05 MB
2025-01-08 00:41:54,638 - INFO - Memory usage after after loading analysis run: 54805.05 MB
2025-01-08 00:45:01,715 - INFO - Memory usage after after ROI extraction: 54805.30 MB
2025-01-08 00:45:01,715 - INFO - Creating Searchlight object for LO right...
2025-01-08 00:45:01,717 - INFO - Searchlight object created.
2025-01-08 00:45:01,717 - INFO - Distributing data...
2025-01-08 00:45:53,503 - INFO - Memory usage after after data distribution: 36292.21 MB
2025-01-08 00:45:53,503 - INFO - Broadcasting LO time series and psychological covariate...
2025-01-08 00:45:53,504 - INFO - Broadcasting completed.
2025-01-08 00:45:53,504 - INFO - Starting searchlight analysis...
2025-01-08 05:03:33,362 - INFO - Searchlight analysis completed.
2025-01-08 05:03:33,364 - INFO - Memory usage after after searchlight: 37216.85 MB
2025-01-08 05:03:35,094 - INFO - Saved searchlight result to /lab_data/behrmannlab/vlad/ptoc/sub-spaceloc1005/ses-01//derivatives/gca/searchlight_result_nontool_runs12_LO_right_1217.nii.gz
2025-01-08 05:03:35,667 - INFO - Memory usage after after cleanup: 21586.35 MB
2025-01-08 05:03:35,697 - INFO - Memory usage after start of run combination: 21586.35 MB
2025-01-08 05:03:35,697 - INFO - Processing LO right for run combination [2, 1] for subject sub-spaceloc1005
2025-01-08 05:03:35,730 - INFO - Functional image: shape=(208, 240, 256, 341), affine=
[[ 9.99755919e-01 -2.06312444e-02  7.34073343e-03 -1.02843178e+02]
 [ 2.13742349e-02  9.92267907e-01 -1.22260012e-01 -7.74972382e+01]
 [-4.76157758e-03  1.22387603e-01  9.92470980e-01 -1.36000244e+02]
 [ 0.00000000e+00  0.00000000e+00  0.00000000e+00  1.00000000e+00]]
2025-01-08 05:04:48,364 - INFO - Generated mask: shape=(208, 240, 256), affine=
[[ 9.99755919e-01 -2.06312444e-02  7.34073343e-03 -1.02843178e+02]
 [ 2.13742349e-02  9.92267907e-01 -1.22260012e-01 -7.74972382e+01]
 [-4.76157758e-03  1.22387603e-01  9.92470980e-01 -1.36000244e+02]
 [ 0.00000000e+00  0.00000000e+00  0.00000000e+00  1.00000000e+00]]
2025-01-08 05:06:38,692 - INFO - Cleaned data: shape=(208, 240, 256, 341), min=-11.998579978942871, max=13.412396430969238, mean=7.637586002311592e-13
2025-01-08 05:06:38,752 - INFO - Memory usage after after loading and cleaning run: 54833.61 MB
2025-01-08 05:06:38,753 - INFO - Memory usage after after loading analysis run: 54833.61 MB
2025-01-08 05:09:54,067 - INFO - Memory usage after after ROI extraction: 54833.86 MB
2025-01-08 05:09:54,067 - INFO - Creating Searchlight object for LO right...
2025-01-08 05:09:54,069 - INFO - Searchlight object created.
2025-01-08 05:09:54,069 - INFO - Distributing data...
2025-01-08 05:10:51,056 - INFO - Memory usage after after data distribution: 37841.48 MB
2025-01-08 05:10:51,056 - INFO - Broadcasting LO time series and psychological covariate...
2025-01-08 05:10:51,056 - INFO - Broadcasting completed.
2025-01-08 05:10:51,056 - INFO - Starting searchlight analysis...
2025-01-08 09:40:26,977 - INFO - Searchlight analysis completed.
2025-01-08 09:40:26,978 - INFO - Memory usage after after searchlight: 38799.42 MB
2025-01-08 09:40:28,881 - INFO - Saved searchlight result to /lab_data/behrmannlab/vlad/ptoc/sub-spaceloc1005/ses-01//derivatives/gca/searchlight_result_nontool_runs21_LO_right_1217.nii.gz
2025-01-08 09:40:29,584 - INFO - Memory usage after after cleanup: 21572.07 MB
2025-01-08 09:40:29,584 - INFO - Completed searchlight analysis with GCA for all subjects
Processing subject: sub-spaceloc1005
