Traceback (most recent call last):
  File "<string>", line 2, in <module>
ModuleNotFoundError: No module named 'brainiak.utils.fmriroi'
/home/csimmon2/anaconda3/envs/brainiak_env/lib/python3.7/site-packages/nilearn/__init__.py:67: FutureWarning: Python 3.7 support is deprecated and will be removed in release 0.12 of Nilearn. Consider switching to Python 3.9 or 3.10.
  _python_deprecation_warnings()
2024-10-16 19:03:34,792 - INFO - Running searchlight analysis with GCA for Object...
2024-10-16 19:03:34,816 - INFO - Processing pIPS left for run combination [1, 2] for subject sub-059
2024-10-16 19:03:34,816 - INFO - Loading run 1 from /lab_data/behrmannlab/vlad/hemispace/sub-059/ses-01/derivatives/fsl/loc/run-01/1stLevel.feat/filtered_func_data_reg.nii.gz
2024-10-16 19:03:34,839 - INFO - Functional image: shape=(176, 256, 256, 184), affine=
[[ 9.96673822e-01 -4.36919071e-02 -6.88571930e-02 -7.18619614e+01]
 [ 4.99191247e-02  9.94555533e-01  9.14734229e-02 -1.26680222e+02]
 [ 6.44859448e-02 -9.46060270e-02  9.93423998e-01 -1.42824875e+02]
 [ 0.00000000e+00  0.00000000e+00  0.00000000e+00  1.00000000e+00]]
2024-10-16 19:04:13,589 - INFO - Generated mask: shape=(176, 256, 256), affine=
[[ 9.96673822e-01 -4.36919071e-02 -6.88571930e-02 -7.18619614e+01]
 [ 4.99191247e-02  9.94555533e-01  9.14734229e-02 -1.26680222e+02]
 [ 6.44859448e-02 -9.46060270e-02  9.93423998e-01 -1.42824875e+02]
 [ 0.00000000e+00  0.00000000e+00  0.00000000e+00  1.00000000e+00]]
2024-10-16 19:05:05,047 - INFO - Cleaned data: shape=(176, 256, 256, 184), min=-9.934612274169922, max=11.697129249572754, mean=2.892156211490002e-13
2024-10-16 19:05:05,115 - INFO - Memory usage after after loading and cleaning run: 16396.26 MB
2024-10-16 19:05:05,115 - INFO - Loading run 2 from /lab_data/behrmannlab/vlad/hemispace/sub-059/ses-01/derivatives/fsl/loc/run-02/1stLevel.feat/filtered_func_data_reg.nii.gz
2024-10-16 19:05:05,124 - INFO - Functional image: shape=(176, 256, 256, 184), affine=
[[ 9.96673822e-01 -4.36919071e-02 -6.88571930e-02 -7.18619614e+01]
 [ 4.99191247e-02  9.94555533e-01  9.14734229e-02 -1.26680222e+02]
 [ 6.44859448e-02 -9.46060270e-02  9.93423998e-01 -1.42824875e+02]
 [ 0.00000000e+00  0.00000000e+00  0.00000000e+00  1.00000000e+00]]
2024-10-16 19:05:44,110 - INFO - Generated mask: shape=(176, 256, 256), affine=
[[ 9.96673822e-01 -4.36919071e-02 -6.88571930e-02 -7.18619614e+01]
 [ 4.99191247e-02  9.94555533e-01  9.14734229e-02 -1.26680222e+02]
 [ 6.44859448e-02 -9.46060270e-02  9.93423998e-01 -1.42824875e+02]
 [ 0.00000000e+00  0.00000000e+00  0.00000000e+00  1.00000000e+00]]
2024-10-16 19:06:35,314 - INFO - Cleaned data: shape=(176, 256, 256, 184), min=-10.761148452758789, max=12.080982208251953, mean=-1.571188670940314e-12
2024-10-16 19:06:35,386 - INFO - Memory usage after after loading and cleaning run: 32602.71 MB
2024-10-16 19:06:54,449 - INFO - Concatenated data shape: (176, 256, 256, 368)
2024-10-16 19:06:54,536 - INFO - Memory usage after after concatenating runs: 48794.71 MB
2024-10-16 19:10:47,722 - INFO - Creating Searchlight object for pIPS left...
2024-10-16 19:10:47,726 - INFO - Searchlight object created.
2024-10-16 19:10:47,726 - INFO - Distributing data...
2024-10-16 19:12:19,910 - INFO - Data distribution completed.
2024-10-16 19:12:19,911 - INFO - Broadcasting pIPS time series and psychological covariate...
2024-10-16 19:12:19,911 - INFO - Broadcasting completed.
2024-10-16 19:12:19,911 - INFO - Starting searchlight analysis...
