Traceback (most recent call last):
  File "<string>", line 2, in <module>
ModuleNotFoundError: No module named 'brainiak.utils.fmriroi'
/home/csimmon2/anaconda3/envs/brainiak_env/lib/python3.7/site-packages/nilearn/__init__.py:67: FutureWarning: Python 3.7 support is deprecated and will be removed in release 0.12 of Nilearn. Consider switching to Python 3.9 or 3.10.
  _python_deprecation_warnings()
2024-12-15 15:55:27,983 - INFO - Running searchlight analysis with GCA for Tool localizer...
2024-12-15 15:55:28,026 - INFO - Memory usage after start of ROI/hemi iteration: 142.45 MB
2024-12-15 15:55:28,056 - INFO - Memory usage after start of run combination: 142.45 MB
2024-12-15 15:55:28,056 - INFO - Processing pIPS left for run combination [1, 2] for subject sub-spaceloc2018
2024-12-15 15:55:28,322 - INFO - Functional image: shape=(208, 240, 256, 341), affine=
[[ 9.96162593e-01 -4.11208943e-02  7.72009715e-02 -1.09005913e+02]
 [ 3.07742953e-02  9.90941226e-01  1.30722523e-01 -1.23333588e+02]
 [-8.18766803e-02 -1.27845675e-01  9.88408625e-01 -1.15869598e+02]
 [ 0.00000000e+00  0.00000000e+00  0.00000000e+00  1.00000000e+00]]
2024-12-15 15:57:10,309 - INFO - Generated mask: shape=(208, 240, 256), affine=
[[ 9.96162593e-01 -4.11208943e-02  7.72009715e-02 -1.09005913e+02]
 [ 3.07742953e-02  9.90941226e-01  1.30722523e-01 -1.23333588e+02]
 [-8.18766803e-02 -1.27845675e-01  9.88408625e-01 -1.15869598e+02]
 [ 0.00000000e+00  0.00000000e+00  0.00000000e+00  1.00000000e+00]]
2024-12-15 15:59:44,710 - INFO - Cleaned data: shape=(208, 240, 256, 341), min=-10.901400566101074, max=13.225578308105469, mean=-6.415480878492527e-13
2024-12-15 15:59:45,057 - INFO - Memory usage after after loading and cleaning run: 33458.10 MB
2024-12-15 15:59:45,057 - INFO - Memory usage after after loading analysis run: 33458.10 MB
2024-12-15 16:04:55,768 - INFO - Memory usage after after ROI extraction: 33459.66 MB
2024-12-15 16:04:55,768 - INFO - Creating Searchlight object for pIPS left...
2024-12-15 16:04:55,771 - INFO - Searchlight object created.
2024-12-15 16:04:55,771 - INFO - Distributing data...
2024-12-15 16:06:46,254 - INFO - Memory usage after after data distribution: 35790.30 MB
2024-12-15 16:06:46,255 - INFO - Broadcasting pIPS time series and psychological covariate...
2024-12-15 16:06:46,255 - INFO - Broadcasting completed.
2024-12-15 16:06:46,255 - INFO - Starting searchlight analysis...
2024-12-15 21:41:25,171 - INFO - Searchlight analysis completed.
2024-12-15 21:41:25,172 - INFO - Memory usage after after searchlight: 36720.93 MB
2024-12-15 21:41:27,420 - INFO - Saved searchlight result to /lab_data/behrmannlab/vlad/ptoc/sub-spaceloc2018/ses-01//derivatives/gca/searchlight_result_tool_runs12_pIPS_left.nii.gz
2024-12-15 21:41:27,940 - INFO - Memory usage after after cleanup: 20572.70 MB
2024-12-15 21:41:27,973 - INFO - Memory usage after start of run combination: 20572.70 MB
2024-12-15 21:41:27,973 - INFO - Processing pIPS left for run combination [2, 1] for subject sub-spaceloc2018
2024-12-15 21:41:28,255 - INFO - Functional image: shape=(208, 240, 256, 341), affine=
[[ 9.96162593e-01 -4.11208943e-02  7.72009715e-02 -1.09005913e+02]
 [ 3.07742953e-02  9.90941226e-01  1.30722523e-01 -1.23333588e+02]
 [-8.18766803e-02 -1.27845675e-01  9.88408625e-01 -1.15869598e+02]
 [ 0.00000000e+00  0.00000000e+00  0.00000000e+00  1.00000000e+00]]
2024-12-15 21:43:06,111 - INFO - Generated mask: shape=(208, 240, 256), affine=
[[ 9.96162593e-01 -4.11208943e-02  7.72009715e-02 -1.09005913e+02]
 [ 3.07742953e-02  9.90941226e-01  1.30722523e-01 -1.23333588e+02]
 [-8.18766803e-02 -1.27845675e-01  9.88408625e-01 -1.15869598e+02]
 [ 0.00000000e+00  0.00000000e+00  0.00000000e+00  1.00000000e+00]]
2024-12-15 21:45:31,093 - INFO - Cleaned data: shape=(208, 240, 256, 341), min=-12.86111831665039, max=15.298113822937012, mean=4.192390567512065e-13
2024-12-15 21:45:31,350 - INFO - Memory usage after after loading and cleaning run: 53820.20 MB
2024-12-15 21:45:31,350 - INFO - Memory usage after after loading analysis run: 53820.20 MB
2024-12-15 21:50:36,976 - INFO - Memory usage after after ROI extraction: 53820.20 MB
2024-12-15 21:50:36,976 - INFO - Creating Searchlight object for pIPS left...
2024-12-15 21:50:36,979 - INFO - Searchlight object created.
2024-12-15 21:50:36,979 - INFO - Distributing data...
2024-12-15 21:52:10,145 - INFO - Memory usage after after data distribution: 35840.25 MB
2024-12-15 21:52:10,146 - INFO - Broadcasting pIPS time series and psychological covariate...
2024-12-15 21:52:10,146 - INFO - Broadcasting completed.
2024-12-15 21:52:10,146 - INFO - Starting searchlight analysis...
2024-12-16 03:26:43,540 - INFO - Searchlight analysis completed.
2024-12-16 03:26:43,541 - INFO - Memory usage after after searchlight: 36760.52 MB
2024-12-16 03:26:45,813 - INFO - Saved searchlight result to /lab_data/behrmannlab/vlad/ptoc/sub-spaceloc2018/ses-01//derivatives/gca/searchlight_result_tool_runs21_pIPS_left.nii.gz
2024-12-16 03:26:46,847 - INFO - Memory usage after after cleanup: 20548.88 MB
2024-12-16 03:26:46,881 - INFO - Memory usage after start of ROI/hemi iteration: 20548.88 MB
2024-12-16 03:26:46,911 - INFO - Memory usage after start of run combination: 20548.88 MB
2024-12-16 03:26:46,911 - INFO - Processing pIPS right for run combination [1, 2] for subject sub-spaceloc2018
2024-12-16 03:26:47,154 - INFO - Functional image: shape=(208, 240, 256, 341), affine=
[[ 9.96162593e-01 -4.11208943e-02  7.72009715e-02 -1.09005913e+02]
 [ 3.07742953e-02  9.90941226e-01  1.30722523e-01 -1.23333588e+02]
 [-8.18766803e-02 -1.27845675e-01  9.88408625e-01 -1.15869598e+02]
 [ 0.00000000e+00  0.00000000e+00  0.00000000e+00  1.00000000e+00]]
2024-12-16 03:28:31,998 - INFO - Generated mask: shape=(208, 240, 256), affine=
[[ 9.96162593e-01 -4.11208943e-02  7.72009715e-02 -1.09005913e+02]
 [ 3.07742953e-02  9.90941226e-01  1.30722523e-01 -1.23333588e+02]
 [-8.18766803e-02 -1.27845675e-01  9.88408625e-01 -1.15869598e+02]
 [ 0.00000000e+00  0.00000000e+00  0.00000000e+00  1.00000000e+00]]
2024-12-16 03:30:59,381 - INFO - Cleaned data: shape=(208, 240, 256, 341), min=-10.901400566101074, max=13.225578308105469, mean=-6.415480878492527e-13
2024-12-16 03:30:59,877 - INFO - Memory usage after after loading and cleaning run: 53796.38 MB
2024-12-16 03:30:59,877 - INFO - Memory usage after after loading analysis run: 53796.38 MB
2024-12-16 03:36:16,686 - INFO - Memory usage after after ROI extraction: 53796.21 MB
2024-12-16 03:36:16,686 - INFO - Creating Searchlight object for pIPS right...
2024-12-16 03:36:16,689 - INFO - Searchlight object created.
2024-12-16 03:36:16,689 - INFO - Distributing data...
2024-12-16 03:37:48,426 - INFO - Memory usage after after data distribution: 35826.15 MB
2024-12-16 03:37:48,427 - INFO - Broadcasting pIPS time series and psychological covariate...
2024-12-16 03:37:48,427 - INFO - Broadcasting completed.
2024-12-16 03:37:48,427 - INFO - Starting searchlight analysis...
2024-12-16 09:13:19,934 - INFO - Searchlight analysis completed.
2024-12-16 09:13:19,935 - INFO - Memory usage after after searchlight: 36747.13 MB
2024-12-16 09:13:22,172 - INFO - Saved searchlight result to /lab_data/behrmannlab/vlad/ptoc/sub-spaceloc2018/ses-01//derivatives/gca/searchlight_result_tool_runs12_pIPS_right.nii.gz
2024-12-16 09:13:23,376 - INFO - Memory usage after after cleanup: 20549.21 MB
2024-12-16 09:13:23,409 - INFO - Memory usage after start of run combination: 20549.21 MB
2024-12-16 09:13:23,409 - INFO - Processing pIPS right for run combination [2, 1] for subject sub-spaceloc2018
2024-12-16 09:13:23,703 - INFO - Functional image: shape=(208, 240, 256, 341), affine=
[[ 9.96162593e-01 -4.11208943e-02  7.72009715e-02 -1.09005913e+02]
 [ 3.07742953e-02  9.90941226e-01  1.30722523e-01 -1.23333588e+02]
 [-8.18766803e-02 -1.27845675e-01  9.88408625e-01 -1.15869598e+02]
 [ 0.00000000e+00  0.00000000e+00  0.00000000e+00  1.00000000e+00]]
2024-12-16 09:15:08,214 - INFO - Generated mask: shape=(208, 240, 256), affine=
[[ 9.96162593e-01 -4.11208943e-02  7.72009715e-02 -1.09005913e+02]
 [ 3.07742953e-02  9.90941226e-01  1.30722523e-01 -1.23333588e+02]
 [-8.18766803e-02 -1.27845675e-01  9.88408625e-01 -1.15869598e+02]
 [ 0.00000000e+00  0.00000000e+00  0.00000000e+00  1.00000000e+00]]
2024-12-16 09:17:44,898 - INFO - Cleaned data: shape=(208, 240, 256, 341), min=-12.86111831665039, max=15.298113822937012, mean=4.192390567512065e-13
2024-12-16 09:17:45,423 - INFO - Memory usage after after loading and cleaning run: 53796.71 MB
2024-12-16 09:17:45,423 - INFO - Memory usage after after loading analysis run: 53796.71 MB
2024-12-16 09:23:24,903 - INFO - Memory usage after after ROI extraction: 53796.46 MB
2024-12-16 09:23:24,903 - INFO - Creating Searchlight object for pIPS right...
2024-12-16 09:23:24,906 - INFO - Searchlight object created.
2024-12-16 09:23:24,906 - INFO - Distributing data...
2024-12-16 09:24:58,497 - INFO - Memory usage after after data distribution: 35840.43 MB
2024-12-16 09:24:58,497 - INFO - Broadcasting pIPS time series and psychological covariate...
2024-12-16 09:24:58,497 - INFO - Broadcasting completed.
2024-12-16 09:24:58,498 - INFO - Starting searchlight analysis...
2024-12-16 15:00:06,319 - INFO - Searchlight analysis completed.
2024-12-16 15:00:06,320 - INFO - Memory usage after after searchlight: 36760.70 MB
2024-12-16 15:00:08,534 - INFO - Saved searchlight result to /lab_data/behrmannlab/vlad/ptoc/sub-spaceloc2018/ses-01//derivatives/gca/searchlight_result_tool_runs21_pIPS_right.nii.gz
2024-12-16 15:00:09,748 - INFO - Memory usage after after cleanup: 20563.65 MB
2024-12-16 15:00:09,781 - INFO - Memory usage after start of ROI/hemi iteration: 20563.65 MB
2024-12-16 15:00:09,811 - INFO - Memory usage after start of run combination: 20563.65 MB
2024-12-16 15:00:09,811 - INFO - Processing LO left for run combination [1, 2] for subject sub-spaceloc2018
2024-12-16 15:00:10,056 - INFO - Functional image: shape=(208, 240, 256, 341), affine=
[[ 9.96162593e-01 -4.11208943e-02  7.72009715e-02 -1.09005913e+02]
 [ 3.07742953e-02  9.90941226e-01  1.30722523e-01 -1.23333588e+02]
 [-8.18766803e-02 -1.27845675e-01  9.88408625e-01 -1.15869598e+02]
 [ 0.00000000e+00  0.00000000e+00  0.00000000e+00  1.00000000e+00]]
2024-12-16 15:01:54,692 - INFO - Generated mask: shape=(208, 240, 256), affine=
[[ 9.96162593e-01 -4.11208943e-02  7.72009715e-02 -1.09005913e+02]
 [ 3.07742953e-02  9.90941226e-01  1.30722523e-01 -1.23333588e+02]
 [-8.18766803e-02 -1.27845675e-01  9.88408625e-01 -1.15869598e+02]
 [ 0.00000000e+00  0.00000000e+00  0.00000000e+00  1.00000000e+00]]
2024-12-16 15:04:23,890 - INFO - Cleaned data: shape=(208, 240, 256, 341), min=-10.901400566101074, max=13.225578308105469, mean=-6.415480878492527e-13
2024-12-16 15:04:24,403 - INFO - Memory usage after after loading and cleaning run: 53811.16 MB
2024-12-16 15:04:24,404 - INFO - Memory usage after after loading analysis run: 53811.16 MB
2024-12-16 15:09:40,037 - INFO - Memory usage after after ROI extraction: 53811.24 MB
2024-12-16 15:09:40,037 - INFO - Creating Searchlight object for LO left...
2024-12-16 15:09:40,040 - INFO - Searchlight object created.
2024-12-16 15:09:40,040 - INFO - Distributing data...
2024-12-16 15:11:14,249 - INFO - Memory usage after after data distribution: 35826.26 MB
2024-12-16 15:11:14,249 - INFO - Broadcasting LO time series and psychological covariate...
2024-12-16 15:11:14,250 - INFO - Broadcasting completed.
2024-12-16 15:11:14,250 - INFO - Starting searchlight analysis...
