Traceback (most recent call last):
  File "<string>", line 2, in <module>
ModuleNotFoundError: No module named 'brainiak.utils.fmriroi'
/home/csimmon2/anaconda3/envs/brainiak_env/lib/python3.7/site-packages/nilearn/__init__.py:67: FutureWarning: Python 3.7 support is deprecated and will be removed in release 0.12 of Nilearn. Consider switching to Python 3.9 or 3.10.
  _python_deprecation_warnings()
2024-10-17 19:05:09,425 - INFO - Running searchlight analysis with GCA for Object...
2024-10-17 19:05:09,875 - INFO - Processing pIPS left for run combination [1, 2] for subject sub-038
2024-10-17 19:05:09,920 - INFO - Output file /lab_data/behrmannlab/vlad/ptoc/sub-038/ses-01//derivatives/gca/searchlight_result_object_runs12_pIPS_left.nii.gz already exists. Skipping this run.
2024-10-17 19:05:09,920 - INFO - Processing pIPS left for run combination [1, 3] for subject sub-038
2024-10-17 19:05:09,923 - INFO - Output file /lab_data/behrmannlab/vlad/ptoc/sub-038/ses-01//derivatives/gca/searchlight_result_object_runs13_pIPS_left.nii.gz already exists. Skipping this run.
2024-10-17 19:05:09,923 - INFO - Processing pIPS left for run combination [2, 3] for subject sub-038
2024-10-17 19:05:09,929 - INFO - Output file /lab_data/behrmannlab/vlad/ptoc/sub-038/ses-01//derivatives/gca/searchlight_result_object_runs23_pIPS_left.nii.gz already exists. Skipping this run.
2024-10-17 19:05:09,929 - INFO - Processing pIPS right for run combination [1, 2] for subject sub-038
2024-10-17 19:05:09,930 - INFO - Loading run 1 from /lab_data/behrmannlab/vlad/hemispace/sub-038/ses-01/derivatives/fsl/loc/run-01/1stLevel.feat/filtered_func_data_reg.nii.gz
2024-10-17 19:05:10,388 - INFO - Functional image: shape=(176, 256, 256, 184), affine=
[[ 9.96910036e-01 -2.73250714e-02 -7.36571252e-02 -7.30209122e+01]
 [ 4.13804762e-02  9.79599476e-01  1.96653351e-01 -1.36845352e+02]
 [ 6.67809695e-02 -1.99093506e-01  9.77702439e-01 -1.12796982e+02]
 [ 0.00000000e+00  0.00000000e+00  0.00000000e+00  1.00000000e+00]]
2024-10-17 19:05:46,449 - INFO - Generated mask: shape=(176, 256, 256), affine=
[[ 9.96910036e-01 -2.73250714e-02 -7.36571252e-02 -7.30209122e+01]
 [ 4.13804762e-02  9.79599476e-01  1.96653351e-01 -1.36845352e+02]
 [ 6.67809695e-02 -1.99093506e-01  9.77702439e-01 -1.12796982e+02]
 [ 0.00000000e+00  0.00000000e+00  0.00000000e+00  1.00000000e+00]]
2024-10-17 19:06:34,037 - INFO - Cleaned data: shape=(176, 256, 256, 184), min=-13.077775955200195, max=12.635976791381836, mean=1.0764216445754773e-12
2024-10-17 19:06:34,098 - INFO - Memory usage after after loading and cleaning run: 16396.80 MB
2024-10-17 19:06:34,099 - INFO - Loading run 2 from /lab_data/behrmannlab/vlad/hemispace/sub-038/ses-01/derivatives/fsl/loc/run-02/1stLevel.feat/filtered_func_data_reg.nii.gz
2024-10-17 19:06:34,360 - INFO - Functional image: shape=(176, 256, 256, 184), affine=
[[ 9.96910036e-01 -2.73250714e-02 -7.36571252e-02 -7.30209122e+01]
 [ 4.13804762e-02  9.79599476e-01  1.96653351e-01 -1.36845352e+02]
 [ 6.67809695e-02 -1.99093506e-01  9.77702439e-01 -1.12796982e+02]
 [ 0.00000000e+00  0.00000000e+00  0.00000000e+00  1.00000000e+00]]
2024-10-17 19:07:10,680 - INFO - Generated mask: shape=(176, 256, 256), affine=
[[ 9.96910036e-01 -2.73250714e-02 -7.36571252e-02 -7.30209122e+01]
 [ 4.13804762e-02  9.79599476e-01  1.96653351e-01 -1.36845352e+02]
 [ 6.67809695e-02 -1.99093506e-01  9.77702439e-01 -1.12796982e+02]
 [ 0.00000000e+00  0.00000000e+00  0.00000000e+00  1.00000000e+00]]
2024-10-17 19:08:03,982 - INFO - Cleaned data: shape=(176, 256, 256, 184), min=-9.45079231262207, max=10.991277694702148, mean=-6.805074498046116e-13
2024-10-17 19:08:04,071 - INFO - Memory usage after after loading and cleaning run: 32602.85 MB
2024-10-17 19:08:25,071 - INFO - Concatenated data shape: (176, 256, 256, 368)
2024-10-17 19:08:25,149 - INFO - Memory usage after after concatenating runs: 48794.85 MB
2024-10-17 19:11:56,537 - INFO - Creating Searchlight object for pIPS right...
2024-10-17 19:11:56,540 - INFO - Searchlight object created.
2024-10-17 19:11:56,540 - INFO - Distributing data...
2024-10-17 19:13:16,864 - INFO - Data distribution completed.
2024-10-17 19:13:16,864 - INFO - Broadcasting pIPS time series and psychological covariate...
2024-10-17 19:13:16,864 - INFO - Broadcasting completed.
2024-10-17 19:13:16,864 - INFO - Starting searchlight analysis...
