Traceback (most recent call last):
  File "<string>", line 2, in <module>
ModuleNotFoundError: No module named 'brainiak.utils.fmriroi'
/home/csimmon2/anaconda3/envs/brainiak_env/lib/python3.7/site-packages/nilearn/__init__.py:67: FutureWarning: Python 3.7 support is deprecated and will be removed in release 0.12 of Nilearn. Consider switching to Python 3.9 or 3.10.
  _python_deprecation_warnings()
2024-10-18 20:33:20,202 - INFO - Running searchlight analysis with GCA for Object...
2024-10-18 20:33:20,227 - INFO - Processing pIPS left for run combination [1, 2] for subject sub-064
2024-10-18 20:33:20,228 - INFO - Output file /lab_data/behrmannlab/vlad/ptoc/sub-064/ses-01//derivatives/gca/searchlight_result_object_runs12_pIPS_left.nii.gz already exists. Skipping this run.
2024-10-18 20:33:20,228 - INFO - Processing pIPS left for run combination [1, 3] for subject sub-064
2024-10-18 20:33:20,228 - INFO - Output file /lab_data/behrmannlab/vlad/ptoc/sub-064/ses-01//derivatives/gca/searchlight_result_object_runs13_pIPS_left.nii.gz already exists. Skipping this run.
2024-10-18 20:33:20,228 - INFO - Processing pIPS left for run combination [2, 3] for subject sub-064
2024-10-18 20:33:20,228 - INFO - Output file /lab_data/behrmannlab/vlad/ptoc/sub-064/ses-01//derivatives/gca/searchlight_result_object_runs23_pIPS_left.nii.gz already exists. Skipping this run.
2024-10-18 20:33:20,229 - INFO - Processing pIPS right for run combination [1, 2] for subject sub-064
2024-10-18 20:33:20,229 - INFO - Output file /lab_data/behrmannlab/vlad/ptoc/sub-064/ses-01//derivatives/gca/searchlight_result_object_runs12_pIPS_right.nii.gz already exists. Skipping this run.
2024-10-18 20:33:20,229 - INFO - Processing pIPS right for run combination [1, 3] for subject sub-064
2024-10-18 20:33:20,229 - INFO - Output file /lab_data/behrmannlab/vlad/ptoc/sub-064/ses-01//derivatives/gca/searchlight_result_object_runs13_pIPS_right.nii.gz already exists. Skipping this run.
2024-10-18 20:33:20,229 - INFO - Processing pIPS right for run combination [2, 3] for subject sub-064
2024-10-18 20:33:20,229 - INFO - Output file /lab_data/behrmannlab/vlad/ptoc/sub-064/ses-01//derivatives/gca/searchlight_result_object_runs23_pIPS_right.nii.gz already exists. Skipping this run.
2024-10-18 20:33:20,229 - INFO - Processing LO left for run combination [1, 2] for subject sub-064
2024-10-18 20:33:20,229 - INFO - Output file /lab_data/behrmannlab/vlad/ptoc/sub-064/ses-01//derivatives/gca/searchlight_result_object_runs12_LO_left.nii.gz already exists. Skipping this run.
2024-10-18 20:33:20,229 - INFO - Processing LO left for run combination [1, 3] for subject sub-064
2024-10-18 20:33:20,230 - INFO - Output file /lab_data/behrmannlab/vlad/ptoc/sub-064/ses-01//derivatives/gca/searchlight_result_object_runs13_LO_left.nii.gz already exists. Skipping this run.
2024-10-18 20:33:20,230 - INFO - Processing LO left for run combination [2, 3] for subject sub-064
2024-10-18 20:33:20,230 - INFO - Output file /lab_data/behrmannlab/vlad/ptoc/sub-064/ses-01//derivatives/gca/searchlight_result_object_runs23_LO_left.nii.gz already exists. Skipping this run.
2024-10-18 20:33:20,230 - INFO - Processing LO right for run combination [1, 2] for subject sub-064
2024-10-18 20:33:20,230 - INFO - Output file /lab_data/behrmannlab/vlad/ptoc/sub-064/ses-01//derivatives/gca/searchlight_result_object_runs12_LO_right.nii.gz already exists. Skipping this run.
2024-10-18 20:33:20,230 - INFO - Processing LO right for run combination [1, 3] for subject sub-064
2024-10-18 20:33:20,230 - INFO - Output file /lab_data/behrmannlab/vlad/ptoc/sub-064/ses-01//derivatives/gca/searchlight_result_object_runs13_LO_right.nii.gz already exists. Skipping this run.
2024-10-18 20:33:20,230 - INFO - Processing LO right for run combination [2, 3] for subject sub-064
2024-10-18 20:33:20,287 - INFO - Loading run 2 from /lab_data/behrmannlab/vlad/hemispace/sub-064/ses-01/derivatives/fsl/loc/run-02/1stLevel.feat/filtered_func_data_reg.nii.gz
2024-10-18 20:33:20,450 - INFO - Functional image: shape=(176, 256, 256, 184), affine=
[[ 9.97329295e-01 -3.86160687e-02 -6.19004332e-02 -7.35597305e+01]
 [ 4.95810248e-02  9.81152356e-01  1.86766446e-01 -1.40299942e+02]
 [ 5.35212681e-02 -1.89337820e-01  9.80452240e-01 -1.25973587e+02]
 [ 0.00000000e+00  0.00000000e+00  0.00000000e+00  1.00000000e+00]]
2024-10-18 20:33:59,583 - INFO - Generated mask: shape=(176, 256, 256), affine=
[[ 9.97329295e-01 -3.86160687e-02 -6.19004332e-02 -7.35597305e+01]
 [ 4.95810248e-02  9.81152356e-01  1.86766446e-01 -1.40299942e+02]
 [ 5.35212681e-02 -1.89337820e-01  9.80452240e-01 -1.25973587e+02]
 [ 0.00000000e+00  0.00000000e+00  0.00000000e+00  1.00000000e+00]]
2024-10-18 20:34:51,146 - INFO - Cleaned data: shape=(176, 256, 256, 184), min=-9.130242347717285, max=11.021026611328125, mean=3.488988303362839e-15
2024-10-18 20:34:51,214 - INFO - Memory usage after after loading and cleaning run: 16396.41 MB
2024-10-18 20:34:51,214 - INFO - Loading run 3 from /lab_data/behrmannlab/vlad/hemispace/sub-064/ses-01/derivatives/fsl/loc/run-03/1stLevel.feat/filtered_func_data_reg.nii.gz
2024-10-18 20:34:51,584 - INFO - Functional image: shape=(176, 256, 256, 184), affine=
[[ 9.97329295e-01 -3.86160687e-02 -6.19004332e-02 -7.35597305e+01]
 [ 4.95810248e-02  9.81152356e-01  1.86766446e-01 -1.40299942e+02]
 [ 5.35212681e-02 -1.89337820e-01  9.80452240e-01 -1.25973587e+02]
 [ 0.00000000e+00  0.00000000e+00  0.00000000e+00  1.00000000e+00]]
2024-10-18 20:35:29,738 - INFO - Generated mask: shape=(176, 256, 256), affine=
[[ 9.97329295e-01 -3.86160687e-02 -6.19004332e-02 -7.35597305e+01]
 [ 4.95810248e-02  9.81152356e-01  1.86766446e-01 -1.40299942e+02]
 [ 5.35212681e-02 -1.89337820e-01  9.80452240e-01 -1.25973587e+02]
 [ 0.00000000e+00  0.00000000e+00  0.00000000e+00  1.00000000e+00]]
2024-10-18 20:36:21,240 - INFO - Cleaned data: shape=(176, 256, 256, 184), min=-12.015960693359375, max=12.69749641418457, mean=-8.464102372364177e-13
2024-10-18 20:36:21,327 - INFO - Memory usage after after loading and cleaning run: 32602.83 MB
2024-10-18 20:36:38,699 - INFO - Concatenated data shape: (176, 256, 256, 368)
2024-10-18 20:36:38,785 - INFO - Memory usage after after concatenating runs: 48794.83 MB
2024-10-18 20:40:15,183 - INFO - Creating Searchlight object for LO right...
2024-10-18 20:40:15,185 - INFO - Searchlight object created.
2024-10-18 20:40:15,185 - INFO - Distributing data...
2024-10-18 20:41:40,224 - INFO - Data distribution completed.
2024-10-18 20:41:40,224 - INFO - Broadcasting LO time series and psychological covariate...
2024-10-18 20:41:40,224 - INFO - Broadcasting completed.
2024-10-18 20:41:40,224 - INFO - Starting searchlight analysis...
2024-10-19 00:41:50,741 - INFO - Searchlight analysis completed.
2024-10-19 00:41:50,742 - INFO - Memory usage after after searchlight: 84884.68 MB
2024-10-19 00:41:52,508 - INFO - Saved searchlight result to /lab_data/behrmannlab/vlad/ptoc/sub-064/ses-01//derivatives/gca/searchlight_result_object_runs23_LO_right.nii.gz
2024-10-19 00:41:53,593 - INFO - Completed searchlight analysis with GCA for all subjects
Processing subject: sub-064
