Traceback (most recent call last):
  File "<string>", line 2, in <module>
ModuleNotFoundError: No module named 'brainiak.utils.fmriroi'
/home/csimmon2/anaconda3/envs/brainiak_env/lib/python3.7/site-packages/nilearn/__init__.py:67: FutureWarning: Python 3.7 support is deprecated and will be removed in release 0.12 of Nilearn. Consider switching to Python 3.9 or 3.10.
  _python_deprecation_warnings()
2024-10-16 19:03:34,966 - INFO - Running searchlight analysis with GCA for Object...
2024-10-16 19:03:34,971 - INFO - Processing pIPS left for run combination [1, 2] for subject sub-064
2024-10-16 19:03:34,971 - INFO - Loading run 1 from /lab_data/behrmannlab/vlad/hemispace/sub-064/ses-01/derivatives/fsl/loc/run-01/1stLevel.feat/filtered_func_data_reg.nii.gz
2024-10-16 19:03:34,978 - INFO - Functional image: shape=(176, 256, 256, 184), affine=
[[ 9.97329295e-01 -3.86160687e-02 -6.19004332e-02 -7.35597305e+01]
 [ 4.95810248e-02  9.81152356e-01  1.86766446e-01 -1.40299942e+02]
 [ 5.35212681e-02 -1.89337820e-01  9.80452240e-01 -1.25973587e+02]
 [ 0.00000000e+00  0.00000000e+00  0.00000000e+00  1.00000000e+00]]
2024-10-16 19:04:14,345 - INFO - Generated mask: shape=(176, 256, 256), affine=
[[ 9.97329295e-01 -3.86160687e-02 -6.19004332e-02 -7.35597305e+01]
 [ 4.95810248e-02  9.81152356e-01  1.86766446e-01 -1.40299942e+02]
 [ 5.35212681e-02 -1.89337820e-01  9.80452240e-01 -1.25973587e+02]
 [ 0.00000000e+00  0.00000000e+00  0.00000000e+00  1.00000000e+00]]
2024-10-16 19:05:06,129 - INFO - Cleaned data: shape=(176, 256, 256, 184), min=-7.750011920928955, max=10.121736526489258, mean=1.6217395394869002e-12
2024-10-16 19:05:06,196 - INFO - Memory usage after after loading and cleaning run: 16396.32 MB
2024-10-16 19:05:06,196 - INFO - Loading run 2 from /lab_data/behrmannlab/vlad/hemispace/sub-064/ses-01/derivatives/fsl/loc/run-02/1stLevel.feat/filtered_func_data_reg.nii.gz
2024-10-16 19:05:06,204 - INFO - Functional image: shape=(176, 256, 256, 184), affine=
[[ 9.97329295e-01 -3.86160687e-02 -6.19004332e-02 -7.35597305e+01]
 [ 4.95810248e-02  9.81152356e-01  1.86766446e-01 -1.40299942e+02]
 [ 5.35212681e-02 -1.89337820e-01  9.80452240e-01 -1.25973587e+02]
 [ 0.00000000e+00  0.00000000e+00  0.00000000e+00  1.00000000e+00]]
2024-10-16 19:05:44,438 - INFO - Generated mask: shape=(176, 256, 256), affine=
[[ 9.97329295e-01 -3.86160687e-02 -6.19004332e-02 -7.35597305e+01]
 [ 4.95810248e-02  9.81152356e-01  1.86766446e-01 -1.40299942e+02]
 [ 5.35212681e-02 -1.89337820e-01  9.80452240e-01 -1.25973587e+02]
 [ 0.00000000e+00  0.00000000e+00  0.00000000e+00  1.00000000e+00]]
2024-10-16 19:06:35,865 - INFO - Cleaned data: shape=(176, 256, 256, 184), min=-9.130242347717285, max=11.021026611328125, mean=3.488988303362839e-15
2024-10-16 19:06:35,945 - INFO - Memory usage after after loading and cleaning run: 32602.73 MB
2024-10-16 19:06:55,680 - INFO - Concatenated data shape: (176, 256, 256, 368)
2024-10-16 19:06:55,755 - INFO - Memory usage after after concatenating runs: 48794.73 MB
2024-10-16 19:10:54,569 - INFO - Creating Searchlight object for pIPS left...
2024-10-16 19:10:54,571 - INFO - Searchlight object created.
2024-10-16 19:10:54,571 - INFO - Distributing data...
2024-10-16 19:12:28,516 - INFO - Data distribution completed.
2024-10-16 19:12:28,517 - INFO - Broadcasting pIPS time series and psychological covariate...
2024-10-16 19:12:28,517 - INFO - Broadcasting completed.
2024-10-16 19:12:28,517 - INFO - Starting searchlight analysis...
2024-10-16 23:14:47,894 - INFO - Searchlight analysis completed.
2024-10-16 23:14:47,895 - INFO - Memory usage after after searchlight: 84917.57 MB
2024-10-16 23:14:49,698 - INFO - Saved searchlight result to /lab_data/behrmannlab/vlad/ptoc/sub-064/ses-01//derivatives/gca/searchlight_result_object_runs12_pIPS_left.nii.gz
2024-10-16 23:14:51,223 - INFO - Processing pIPS left for run combination [1, 3] for subject sub-064
2024-10-16 23:14:51,237 - INFO - Loading run 1 from /lab_data/behrmannlab/vlad/hemispace/sub-064/ses-01/derivatives/fsl/loc/run-01/1stLevel.feat/filtered_func_data_reg.nii.gz
2024-10-16 23:14:51,420 - INFO - Functional image: shape=(176, 256, 256, 184), affine=
[[ 9.97329295e-01 -3.86160687e-02 -6.19004332e-02 -7.35597305e+01]
 [ 4.95810248e-02  9.81152356e-01  1.86766446e-01 -1.40299942e+02]
 [ 5.35212681e-02 -1.89337820e-01  9.80452240e-01 -1.25973587e+02]
 [ 0.00000000e+00  0.00000000e+00  0.00000000e+00  1.00000000e+00]]
2024-10-16 23:15:30,996 - INFO - Generated mask: shape=(176, 256, 256), affine=
[[ 9.97329295e-01 -3.86160687e-02 -6.19004332e-02 -7.35597305e+01]
 [ 4.95810248e-02  9.81152356e-01  1.86766446e-01 -1.40299942e+02]
 [ 5.35212681e-02 -1.89337820e-01  9.80452240e-01 -1.25973587e+02]
 [ 0.00000000e+00  0.00000000e+00  0.00000000e+00  1.00000000e+00]]
2024-10-16 23:16:25,589 - INFO - Cleaned data: shape=(176, 256, 256, 184), min=-7.750011920928955, max=10.121736526489258, mean=1.6217395394869002e-12
2024-10-16 23:16:25,643 - INFO - Memory usage after after loading and cleaning run: 67878.59 MB
2024-10-16 23:16:25,686 - INFO - Loading run 3 from /lab_data/behrmannlab/vlad/hemispace/sub-064/ses-01/derivatives/fsl/loc/run-03/1stLevel.feat/filtered_func_data_reg.nii.gz
2024-10-16 23:16:25,782 - INFO - Functional image: shape=(176, 256, 256, 184), affine=
[[ 9.97329295e-01 -3.86160687e-02 -6.19004332e-02 -7.35597305e+01]
 [ 4.95810248e-02  9.81152356e-01  1.86766446e-01 -1.40299942e+02]
 [ 5.35212681e-02 -1.89337820e-01  9.80452240e-01 -1.25973587e+02]
 [ 0.00000000e+00  0.00000000e+00  0.00000000e+00  1.00000000e+00]]
2024-10-16 23:17:02,419 - INFO - Generated mask: shape=(176, 256, 256), affine=
[[ 9.97329295e-01 -3.86160687e-02 -6.19004332e-02 -7.35597305e+01]
 [ 4.95810248e-02  9.81152356e-01  1.86766446e-01 -1.40299942e+02]
 [ 5.35212681e-02 -1.89337820e-01  9.80452240e-01 -1.25973587e+02]
 [ 0.00000000e+00  0.00000000e+00  0.00000000e+00  1.00000000e+00]]
2024-10-16 23:17:53,302 - INFO - Cleaned data: shape=(176, 256, 256, 184), min=-12.015960693359375, max=12.69749641418457, mean=-8.464102372364177e-13
2024-10-16 23:17:53,361 - INFO - Memory usage after after loading and cleaning run: 67790.58 MB
2024-10-16 23:18:22,129 - INFO - Concatenated data shape: (176, 256, 256, 368)
2024-10-16 23:18:22,712 - INFO - Memory usage after after concatenating runs: 83982.58 MB
2024-10-16 23:23:24,238 - INFO - Creating Searchlight object for pIPS left...
2024-10-16 23:23:25,117 - INFO - Searchlight object created.
2024-10-16 23:23:25,117 - INFO - Distributing data...
2024-10-16 23:24:50,874 - INFO - Data distribution completed.
2024-10-16 23:24:50,875 - INFO - Broadcasting pIPS time series and psychological covariate...
2024-10-16 23:24:50,875 - INFO - Broadcasting completed.
2024-10-16 23:24:50,875 - INFO - Starting searchlight analysis...
2024-10-17 03:29:19,035 - INFO - Searchlight analysis completed.
2024-10-17 03:29:19,036 - INFO - Memory usage after after searchlight: 84988.88 MB
2024-10-17 03:29:20,867 - INFO - Saved searchlight result to /lab_data/behrmannlab/vlad/ptoc/sub-064/ses-01//derivatives/gca/searchlight_result_object_runs13_pIPS_left.nii.gz
2024-10-17 03:29:23,095 - INFO - Processing pIPS left for run combination [2, 3] for subject sub-064
2024-10-17 03:29:23,143 - INFO - Loading run 2 from /lab_data/behrmannlab/vlad/hemispace/sub-064/ses-01/derivatives/fsl/loc/run-02/1stLevel.feat/filtered_func_data_reg.nii.gz
2024-10-17 03:29:23,340 - INFO - Functional image: shape=(176, 256, 256, 184), affine=
[[ 9.97329295e-01 -3.86160687e-02 -6.19004332e-02 -7.35597305e+01]
 [ 4.95810248e-02  9.81152356e-01  1.86766446e-01 -1.40299942e+02]
 [ 5.35212681e-02 -1.89337820e-01  9.80452240e-01 -1.25973587e+02]
 [ 0.00000000e+00  0.00000000e+00  0.00000000e+00  1.00000000e+00]]
2024-10-17 03:30:01,837 - INFO - Generated mask: shape=(176, 256, 256), affine=
[[ 9.97329295e-01 -3.86160687e-02 -6.19004332e-02 -7.35597305e+01]
 [ 4.95810248e-02  9.81152356e-01  1.86766446e-01 -1.40299942e+02]
 [ 5.35212681e-02 -1.89337820e-01  9.80452240e-01 -1.25973587e+02]
 [ 0.00000000e+00  0.00000000e+00  0.00000000e+00  1.00000000e+00]]
2024-10-17 03:30:53,823 - INFO - Cleaned data: shape=(176, 256, 256, 184), min=-9.130242347717285, max=11.021026611328125, mean=3.488988303362839e-15
2024-10-17 03:30:53,870 - INFO - Memory usage after after loading and cleaning run: 67949.92 MB
2024-10-17 03:30:54,023 - INFO - Loading run 3 from /lab_data/behrmannlab/vlad/hemispace/sub-064/ses-01/derivatives/fsl/loc/run-03/1stLevel.feat/filtered_func_data_reg.nii.gz
2024-10-17 03:30:54,192 - INFO - Functional image: shape=(176, 256, 256, 184), affine=
[[ 9.97329295e-01 -3.86160687e-02 -6.19004332e-02 -7.35597305e+01]
 [ 4.95810248e-02  9.81152356e-01  1.86766446e-01 -1.40299942e+02]
 [ 5.35212681e-02 -1.89337820e-01  9.80452240e-01 -1.25973587e+02]
 [ 0.00000000e+00  0.00000000e+00  0.00000000e+00  1.00000000e+00]]
2024-10-17 03:31:32,369 - INFO - Generated mask: shape=(176, 256, 256), affine=
[[ 9.97329295e-01 -3.86160687e-02 -6.19004332e-02 -7.35597305e+01]
 [ 4.95810248e-02  9.81152356e-01  1.86766446e-01 -1.40299942e+02]
 [ 5.35212681e-02 -1.89337820e-01  9.80452240e-01 -1.25973587e+02]
 [ 0.00000000e+00  0.00000000e+00  0.00000000e+00  1.00000000e+00]]
2024-10-17 03:32:24,651 - INFO - Cleaned data: shape=(176, 256, 256, 184), min=-12.015960693359375, max=12.69749641418457, mean=-8.464102372364177e-13
2024-10-17 03:32:24,698 - INFO - Memory usage after after loading and cleaning run: 67949.92 MB
2024-10-17 03:32:52,874 - INFO - Concatenated data shape: (176, 256, 256, 368)
2024-10-17 03:32:53,403 - INFO - Memory usage after after concatenating runs: 84141.92 MB
2024-10-17 03:37:28,812 - INFO - Creating Searchlight object for pIPS left...
2024-10-17 03:37:29,955 - INFO - Searchlight object created.
2024-10-17 03:37:29,955 - INFO - Distributing data...
2024-10-17 03:38:58,084 - INFO - Data distribution completed.
2024-10-17 03:38:58,084 - INFO - Broadcasting pIPS time series and psychological covariate...
2024-10-17 03:38:58,084 - INFO - Broadcasting completed.
2024-10-17 03:38:58,084 - INFO - Starting searchlight analysis...
2024-10-17 07:47:39,407 - INFO - Searchlight analysis completed.
2024-10-17 07:47:39,409 - INFO - Memory usage after after searchlight: 85012.38 MB
2024-10-17 07:47:41,338 - INFO - Saved searchlight result to /lab_data/behrmannlab/vlad/ptoc/sub-064/ses-01//derivatives/gca/searchlight_result_object_runs23_pIPS_left.nii.gz
2024-10-17 07:47:43,472 - INFO - Processing pIPS right for run combination [1, 2] for subject sub-064
2024-10-17 07:47:43,473 - INFO - Loading run 1 from /lab_data/behrmannlab/vlad/hemispace/sub-064/ses-01/derivatives/fsl/loc/run-01/1stLevel.feat/filtered_func_data_reg.nii.gz
2024-10-17 07:47:43,716 - INFO - Functional image: shape=(176, 256, 256, 184), affine=
[[ 9.97329295e-01 -3.86160687e-02 -6.19004332e-02 -7.35597305e+01]
 [ 4.95810248e-02  9.81152356e-01  1.86766446e-01 -1.40299942e+02]
 [ 5.35212681e-02 -1.89337820e-01  9.80452240e-01 -1.25973587e+02]
 [ 0.00000000e+00  0.00000000e+00  0.00000000e+00  1.00000000e+00]]
2024-10-17 07:48:22,652 - INFO - Generated mask: shape=(176, 256, 256), affine=
[[ 9.97329295e-01 -3.86160687e-02 -6.19004332e-02 -7.35597305e+01]
 [ 4.95810248e-02  9.81152356e-01  1.86766446e-01 -1.40299942e+02]
 [ 5.35212681e-02 -1.89337820e-01  9.80452240e-01 -1.25973587e+02]
 [ 0.00000000e+00  0.00000000e+00  0.00000000e+00  1.00000000e+00]]
2024-10-17 07:49:14,560 - INFO - Cleaned data: shape=(176, 256, 256, 184), min=-7.750011920928955, max=10.121736526489258, mean=1.6217395394869002e-12
2024-10-17 07:49:14,607 - INFO - Memory usage after after loading and cleaning run: 67973.42 MB
2024-10-17 07:49:15,026 - INFO - Loading run 2 from /lab_data/behrmannlab/vlad/hemispace/sub-064/ses-01/derivatives/fsl/loc/run-02/1stLevel.feat/filtered_func_data_reg.nii.gz
2024-10-17 07:49:15,133 - INFO - Functional image: shape=(176, 256, 256, 184), affine=
[[ 9.97329295e-01 -3.86160687e-02 -6.19004332e-02 -7.35597305e+01]
 [ 4.95810248e-02  9.81152356e-01  1.86766446e-01 -1.40299942e+02]
 [ 5.35212681e-02 -1.89337820e-01  9.80452240e-01 -1.25973587e+02]
 [ 0.00000000e+00  0.00000000e+00  0.00000000e+00  1.00000000e+00]]
2024-10-17 07:49:53,287 - INFO - Generated mask: shape=(176, 256, 256), affine=
[[ 9.97329295e-01 -3.86160687e-02 -6.19004332e-02 -7.35597305e+01]
 [ 4.95810248e-02  9.81152356e-01  1.86766446e-01 -1.40299942e+02]
 [ 5.35212681e-02 -1.89337820e-01  9.80452240e-01 -1.25973587e+02]
 [ 0.00000000e+00  0.00000000e+00  0.00000000e+00  1.00000000e+00]]
2024-10-17 07:50:46,782 - INFO - Cleaned data: shape=(176, 256, 256, 184), min=-9.130242347717285, max=11.021026611328125, mean=3.488988303362839e-15
2024-10-17 07:50:46,828 - INFO - Memory usage after after loading and cleaning run: 67973.42 MB
2024-10-17 07:51:16,147 - INFO - Concatenated data shape: (176, 256, 256, 368)
2024-10-17 07:51:16,658 - INFO - Memory usage after after concatenating runs: 84165.42 MB
2024-10-17 07:55:54,222 - INFO - Creating Searchlight object for pIPS right...
2024-10-17 07:55:54,250 - INFO - Searchlight object created.
2024-10-17 07:55:54,251 - INFO - Distributing data...
2024-10-17 07:57:23,349 - INFO - Data distribution completed.
2024-10-17 07:57:23,349 - INFO - Broadcasting pIPS time series and psychological covariate...
2024-10-17 07:57:23,350 - INFO - Broadcasting completed.
2024-10-17 07:57:23,350 - INFO - Starting searchlight analysis...
2024-10-17 12:06:02,059 - INFO - Searchlight analysis completed.
2024-10-17 12:06:02,060 - INFO - Memory usage after after searchlight: 85041.22 MB
2024-10-17 12:06:03,729 - INFO - Saved searchlight result to /lab_data/behrmannlab/vlad/ptoc/sub-064/ses-01//derivatives/gca/searchlight_result_object_runs12_pIPS_right.nii.gz
2024-10-17 12:06:05,952 - INFO - Processing pIPS right for run combination [1, 3] for subject sub-064
2024-10-17 12:06:05,954 - INFO - Loading run 1 from /lab_data/behrmannlab/vlad/hemispace/sub-064/ses-01/derivatives/fsl/loc/run-01/1stLevel.feat/filtered_func_data_reg.nii.gz
2024-10-17 12:06:06,280 - INFO - Functional image: shape=(176, 256, 256, 184), affine=
[[ 9.97329295e-01 -3.86160687e-02 -6.19004332e-02 -7.35597305e+01]
 [ 4.95810248e-02  9.81152356e-01  1.86766446e-01 -1.40299942e+02]
 [ 5.35212681e-02 -1.89337820e-01  9.80452240e-01 -1.25973587e+02]
 [ 0.00000000e+00  0.00000000e+00  0.00000000e+00  1.00000000e+00]]
2024-10-17 12:06:49,956 - INFO - Generated mask: shape=(176, 256, 256), affine=
[[ 9.97329295e-01 -3.86160687e-02 -6.19004332e-02 -7.35597305e+01]
 [ 4.95810248e-02  9.81152356e-01  1.86766446e-01 -1.40299942e+02]
 [ 5.35212681e-02 -1.89337820e-01  9.80452240e-01 -1.25973587e+02]
 [ 0.00000000e+00  0.00000000e+00  0.00000000e+00  1.00000000e+00]]
2024-10-17 12:08:19,075 - INFO - Cleaned data: shape=(176, 256, 256, 184), min=-7.750011920928955, max=10.121736526489258, mean=1.6217395394869002e-12
2024-10-17 12:08:19,122 - INFO - Memory usage after after loading and cleaning run: 68001.94 MB
2024-10-17 12:08:19,707 - INFO - Loading run 3 from /lab_data/behrmannlab/vlad/hemispace/sub-064/ses-01/derivatives/fsl/loc/run-03/1stLevel.feat/filtered_func_data_reg.nii.gz
2024-10-17 12:08:19,849 - INFO - Functional image: shape=(176, 256, 256, 184), affine=
[[ 9.97329295e-01 -3.86160687e-02 -6.19004332e-02 -7.35597305e+01]
 [ 4.95810248e-02  9.81152356e-01  1.86766446e-01 -1.40299942e+02]
 [ 5.35212681e-02 -1.89337820e-01  9.80452240e-01 -1.25973587e+02]
 [ 0.00000000e+00  0.00000000e+00  0.00000000e+00  1.00000000e+00]]
2024-10-17 12:09:00,044 - INFO - Generated mask: shape=(176, 256, 256), affine=
[[ 9.97329295e-01 -3.86160687e-02 -6.19004332e-02 -7.35597305e+01]
 [ 4.95810248e-02  9.81152356e-01  1.86766446e-01 -1.40299942e+02]
 [ 5.35212681e-02 -1.89337820e-01  9.80452240e-01 -1.25973587e+02]
 [ 0.00000000e+00  0.00000000e+00  0.00000000e+00  1.00000000e+00]]
2024-10-17 12:10:26,470 - INFO - Cleaned data: shape=(176, 256, 256, 184), min=-12.015960693359375, max=12.69749641418457, mean=-8.464102372364177e-13
2024-10-17 12:10:26,516 - INFO - Memory usage after after loading and cleaning run: 68001.94 MB
2024-10-17 12:10:59,042 - INFO - Concatenated data shape: (176, 256, 256, 368)
2024-10-17 12:10:59,887 - INFO - Memory usage after after concatenating runs: 84193.94 MB
2024-10-17 12:15:46,190 - INFO - Creating Searchlight object for pIPS right...
2024-10-17 12:15:46,200 - INFO - Searchlight object created.
2024-10-17 12:15:46,200 - INFO - Distributing data...
2024-10-17 12:17:07,807 - INFO - Data distribution completed.
2024-10-17 12:17:07,807 - INFO - Broadcasting pIPS time series and psychological covariate...
2024-10-17 12:17:07,808 - INFO - Broadcasting completed.
2024-10-17 12:17:07,808 - INFO - Starting searchlight analysis...
2024-10-17 16:25:05,544 - INFO - Searchlight analysis completed.
2024-10-17 16:25:05,545 - INFO - Memory usage after after searchlight: 85042.15 MB
2024-10-17 16:25:07,443 - INFO - Saved searchlight result to /lab_data/behrmannlab/vlad/ptoc/sub-064/ses-01//derivatives/gca/searchlight_result_object_runs13_pIPS_right.nii.gz
2024-10-17 16:25:09,555 - INFO - Processing pIPS right for run combination [2, 3] for subject sub-064
2024-10-17 16:25:09,556 - INFO - Loading run 2 from /lab_data/behrmannlab/vlad/hemispace/sub-064/ses-01/derivatives/fsl/loc/run-02/1stLevel.feat/filtered_func_data_reg.nii.gz
2024-10-17 16:25:09,999 - INFO - Functional image: shape=(176, 256, 256, 184), affine=
[[ 9.97329295e-01 -3.86160687e-02 -6.19004332e-02 -7.35597305e+01]
 [ 4.95810248e-02  9.81152356e-01  1.86766446e-01 -1.40299942e+02]
 [ 5.35212681e-02 -1.89337820e-01  9.80452240e-01 -1.25973587e+02]
 [ 0.00000000e+00  0.00000000e+00  0.00000000e+00  1.00000000e+00]]
2024-10-17 16:25:50,341 - INFO - Generated mask: shape=(176, 256, 256), affine=
[[ 9.97329295e-01 -3.86160687e-02 -6.19004332e-02 -7.35597305e+01]
 [ 4.95810248e-02  9.81152356e-01  1.86766446e-01 -1.40299942e+02]
 [ 5.35212681e-02 -1.89337820e-01  9.80452240e-01 -1.25973587e+02]
 [ 0.00000000e+00  0.00000000e+00  0.00000000e+00  1.00000000e+00]]
2024-10-17 16:27:04,567 - INFO - Cleaned data: shape=(176, 256, 256, 184), min=-9.130242347717285, max=11.021026611328125, mean=3.488988303362839e-15
2024-10-17 16:27:04,614 - INFO - Memory usage after after loading and cleaning run: 68002.69 MB
2024-10-17 16:27:05,373 - INFO - Loading run 3 from /lab_data/behrmannlab/vlad/hemispace/sub-064/ses-01/derivatives/fsl/loc/run-03/1stLevel.feat/filtered_func_data_reg.nii.gz
2024-10-17 16:27:05,519 - INFO - Functional image: shape=(176, 256, 256, 184), affine=
[[ 9.97329295e-01 -3.86160687e-02 -6.19004332e-02 -7.35597305e+01]
 [ 4.95810248e-02  9.81152356e-01  1.86766446e-01 -1.40299942e+02]
 [ 5.35212681e-02 -1.89337820e-01  9.80452240e-01 -1.25973587e+02]
 [ 0.00000000e+00  0.00000000e+00  0.00000000e+00  1.00000000e+00]]
2024-10-17 16:27:45,350 - INFO - Generated mask: shape=(176, 256, 256), affine=
[[ 9.97329295e-01 -3.86160687e-02 -6.19004332e-02 -7.35597305e+01]
 [ 4.95810248e-02  9.81152356e-01  1.86766446e-01 -1.40299942e+02]
 [ 5.35212681e-02 -1.89337820e-01  9.80452240e-01 -1.25973587e+02]
 [ 0.00000000e+00  0.00000000e+00  0.00000000e+00  1.00000000e+00]]
2024-10-17 16:29:00,949 - INFO - Cleaned data: shape=(176, 256, 256, 184), min=-12.015960693359375, max=12.69749641418457, mean=-8.464102372364177e-13
2024-10-17 16:29:00,997 - INFO - Memory usage after after loading and cleaning run: 68002.69 MB
2024-10-17 16:29:33,230 - INFO - Concatenated data shape: (176, 256, 256, 368)
2024-10-17 16:29:33,921 - INFO - Memory usage after after concatenating runs: 84194.69 MB
2024-10-17 16:34:20,779 - INFO - Creating Searchlight object for pIPS right...
2024-10-17 16:34:21,548 - INFO - Searchlight object created.
2024-10-17 16:34:21,548 - INFO - Distributing data...
2024-10-17 16:35:43,701 - INFO - Data distribution completed.
2024-10-17 16:35:43,702 - INFO - Broadcasting pIPS time series and psychological covariate...
2024-10-17 16:35:43,702 - INFO - Broadcasting completed.
2024-10-17 16:35:43,702 - INFO - Starting searchlight analysis...
2024-10-17 20:43:32,533 - INFO - Searchlight analysis completed.
2024-10-17 20:43:32,543 - INFO - Memory usage after after searchlight: 85019.29 MB
2024-10-17 20:43:35,298 - INFO - Saved searchlight result to /lab_data/behrmannlab/vlad/ptoc/sub-064/ses-01//derivatives/gca/searchlight_result_object_runs23_pIPS_right.nii.gz
2024-10-17 20:43:37,389 - INFO - Processing LO left for run combination [1, 2] for subject sub-064
2024-10-17 20:43:37,395 - INFO - Loading run 1 from /lab_data/behrmannlab/vlad/hemispace/sub-064/ses-01/derivatives/fsl/loc/run-01/1stLevel.feat/filtered_func_data_reg.nii.gz
2024-10-17 20:43:38,423 - INFO - Functional image: shape=(176, 256, 256, 184), affine=
[[ 9.97329295e-01 -3.86160687e-02 -6.19004332e-02 -7.35597305e+01]
 [ 4.95810248e-02  9.81152356e-01  1.86766446e-01 -1.40299942e+02]
 [ 5.35212681e-02 -1.89337820e-01  9.80452240e-01 -1.25973587e+02]
 [ 0.00000000e+00  0.00000000e+00  0.00000000e+00  1.00000000e+00]]
2024-10-17 20:44:17,416 - INFO - Generated mask: shape=(176, 256, 256), affine=
[[ 9.97329295e-01 -3.86160687e-02 -6.19004332e-02 -7.35597305e+01]
 [ 4.95810248e-02  9.81152356e-01  1.86766446e-01 -1.40299942e+02]
 [ 5.35212681e-02 -1.89337820e-01  9.80452240e-01 -1.25973587e+02]
 [ 0.00000000e+00  0.00000000e+00  0.00000000e+00  1.00000000e+00]]
2024-10-17 20:45:09,650 - INFO - Cleaned data: shape=(176, 256, 256, 184), min=-7.750011920928955, max=10.121736526489258, mean=1.6217395394869002e-12
2024-10-17 20:45:09,704 - INFO - Memory usage after after loading and cleaning run: 67980.07 MB
2024-10-17 20:45:10,559 - INFO - Loading run 2 from /lab_data/behrmannlab/vlad/hemispace/sub-064/ses-01/derivatives/fsl/loc/run-02/1stLevel.feat/filtered_func_data_reg.nii.gz
2024-10-17 20:45:11,268 - INFO - Functional image: shape=(176, 256, 256, 184), affine=
[[ 9.97329295e-01 -3.86160687e-02 -6.19004332e-02 -7.35597305e+01]
 [ 4.95810248e-02  9.81152356e-01  1.86766446e-01 -1.40299942e+02]
 [ 5.35212681e-02 -1.89337820e-01  9.80452240e-01 -1.25973587e+02]
 [ 0.00000000e+00  0.00000000e+00  0.00000000e+00  1.00000000e+00]]
2024-10-17 20:45:49,633 - INFO - Generated mask: shape=(176, 256, 256), affine=
[[ 9.97329295e-01 -3.86160687e-02 -6.19004332e-02 -7.35597305e+01]
 [ 4.95810248e-02  9.81152356e-01  1.86766446e-01 -1.40299942e+02]
 [ 5.35212681e-02 -1.89337820e-01  9.80452240e-01 -1.25973587e+02]
 [ 0.00000000e+00  0.00000000e+00  0.00000000e+00  1.00000000e+00]]
2024-10-17 20:46:44,764 - INFO - Cleaned data: shape=(176, 256, 256, 184), min=-9.130242347717285, max=11.021026611328125, mean=3.488988303362839e-15
2024-10-17 20:46:44,827 - INFO - Memory usage after after loading and cleaning run: 67980.07 MB
2024-10-17 20:47:18,246 - INFO - Concatenated data shape: (176, 256, 256, 368)
2024-10-17 20:47:19,069 - INFO - Memory usage after after concatenating runs: 84172.07 MB
2024-10-17 20:52:04,590 - INFO - Creating Searchlight object for LO left...
2024-10-17 20:52:04,606 - INFO - Searchlight object created.
2024-10-17 20:52:04,606 - INFO - Distributing data...
2024-10-17 20:53:23,255 - INFO - Data distribution completed.
2024-10-17 20:53:23,258 - INFO - Broadcasting LO time series and psychological covariate...
2024-10-17 20:53:23,258 - INFO - Broadcasting completed.
2024-10-17 20:53:23,258 - INFO - Starting searchlight analysis...
