Traceback (most recent call last):
  File "<string>", line 2, in <module>
ModuleNotFoundError: No module named 'brainiak.utils.fmriroi'
/home/csimmon2/anaconda3/envs/brainiak_env/lib/python3.7/site-packages/nilearn/__init__.py:67: FutureWarning: Python 3.7 support is deprecated and will be removed in release 0.12 of Nilearn. Consider switching to Python 3.9 or 3.10.
  _python_deprecation_warnings()
2025-01-01 15:38:24,168 - INFO - Running searchlight analysis with GCA for Tool localizer...
2025-01-01 15:38:24,216 - INFO - Memory usage after start of ROI/hemi iteration: 142.76 MB
2025-01-01 15:38:24,251 - INFO - Memory usage after start of run combination: 142.76 MB
2025-01-01 15:38:24,251 - INFO - Processing pIPS left for run combination [1, 2] for subject sub-spaceloc1012
2025-01-01 15:38:24,436 - INFO - Functional image: shape=(208, 240, 256, 341), affine=
[[ 9.99633670e-01 -2.68912259e-02 -2.42246012e-03 -9.79729156e+01]
 [ 2.69825663e-02  9.91728306e-01  1.25486717e-01 -1.17756119e+02]
 [-9.72067588e-04 -1.25506327e-01  9.92092371e-01 -1.37988770e+02]
 [ 0.00000000e+00  0.00000000e+00  0.00000000e+00  1.00000000e+00]]
2025-01-01 15:39:50,319 - INFO - Generated mask: shape=(208, 240, 256), affine=
[[ 9.99633670e-01 -2.68912259e-02 -2.42246012e-03 -9.79729156e+01]
 [ 2.69825663e-02  9.91728306e-01  1.25486717e-01 -1.17756119e+02]
 [-9.72067588e-04 -1.25506327e-01  9.92092371e-01 -1.37988770e+02]
 [ 0.00000000e+00  0.00000000e+00  0.00000000e+00  1.00000000e+00]]
2025-01-01 15:42:27,821 - INFO - Cleaned data: shape=(208, 240, 256, 341), min=-11.499342918395996, max=10.76090145111084, mean=2.288812743698315e-12
2025-01-01 15:42:28,347 - INFO - Memory usage after after loading and cleaning run: 33458.15 MB
2025-01-01 15:42:28,347 - INFO - Memory usage after after loading analysis run: 33458.15 MB
2025-01-01 15:48:04,418 - INFO - Memory usage after after ROI extraction: 33459.83 MB
2025-01-01 15:48:04,419 - INFO - Creating Searchlight object for pIPS left...
2025-01-01 15:48:04,421 - INFO - Searchlight object created.
2025-01-01 15:48:04,421 - INFO - Distributing data...
2025-01-01 15:50:07,872 - INFO - Memory usage after after data distribution: 35618.90 MB
2025-01-01 15:50:07,873 - INFO - Broadcasting pIPS time series and psychological covariate...
2025-01-01 15:50:07,873 - INFO - Broadcasting completed.
2025-01-01 15:50:07,873 - INFO - Starting searchlight analysis...
2025-01-01 20:12:30,247 - INFO - Searchlight analysis completed.
2025-01-01 20:12:30,248 - INFO - Memory usage after after searchlight: 36545.46 MB
2025-01-01 20:12:32,109 - INFO - Saved searchlight result to /lab_data/behrmannlab/vlad/ptoc/sub-spaceloc1012/ses-01//derivatives/gca/searchlight_result_tool_runs12_pIPS_left_1217.nii.gz
2025-01-01 20:12:33,085 - INFO - Memory usage after after cleanup: 20456.78 MB
2025-01-01 20:12:33,117 - INFO - Memory usage after start of run combination: 20456.78 MB
2025-01-01 20:12:33,117 - INFO - Processing pIPS left for run combination [2, 1] for subject sub-spaceloc1012
2025-01-01 20:12:33,378 - INFO - Functional image: shape=(208, 240, 256, 341), affine=
[[ 9.99633670e-01 -2.68912259e-02 -2.42246012e-03 -9.79729156e+01]
 [ 2.69825663e-02  9.91728306e-01  1.25486717e-01 -1.17756119e+02]
 [-9.72067588e-04 -1.25506327e-01  9.92092371e-01 -1.37988770e+02]
 [ 0.00000000e+00  0.00000000e+00  0.00000000e+00  1.00000000e+00]]
2025-01-01 20:13:59,375 - INFO - Generated mask: shape=(208, 240, 256), affine=
[[ 9.99633670e-01 -2.68912259e-02 -2.42246012e-03 -9.79729156e+01]
 [ 2.69825663e-02  9.91728306e-01  1.25486717e-01 -1.17756119e+02]
 [-9.72067588e-04 -1.25506327e-01  9.92092371e-01 -1.37988770e+02]
 [ 0.00000000e+00  0.00000000e+00  0.00000000e+00  1.00000000e+00]]
2025-01-01 20:16:47,086 - INFO - Cleaned data: shape=(208, 240, 256, 341), min=-9.865824699401855, max=13.637868881225586, mean=3.8115906990337585e-12
2025-01-01 20:16:47,283 - INFO - Memory usage after after loading and cleaning run: 53704.28 MB
2025-01-01 20:16:47,284 - INFO - Memory usage after after loading analysis run: 53704.28 MB
2025-01-01 20:22:26,595 - INFO - Memory usage after after ROI extraction: 53704.28 MB
2025-01-01 20:22:26,596 - INFO - Creating Searchlight object for pIPS left...
2025-01-01 20:22:26,597 - INFO - Searchlight object created.
2025-01-01 20:22:26,597 - INFO - Distributing data...
2025-01-01 20:24:09,685 - INFO - Memory usage after after data distribution: 35666.96 MB
2025-01-01 20:24:09,686 - INFO - Broadcasting pIPS time series and psychological covariate...
2025-01-01 20:24:09,686 - INFO - Broadcasting completed.
2025-01-01 20:24:09,686 - INFO - Starting searchlight analysis...
2025-01-02 00:47:11,271 - INFO - Searchlight analysis completed.
2025-01-02 00:47:11,272 - INFO - Memory usage after after searchlight: 36592.31 MB
2025-01-02 00:47:16,442 - INFO - Saved searchlight result to /lab_data/behrmannlab/vlad/ptoc/sub-spaceloc1012/ses-01//derivatives/gca/searchlight_result_tool_runs21_pIPS_left_1217.nii.gz
2025-01-02 00:47:17,570 - INFO - Memory usage after after cleanup: 20439.95 MB
2025-01-02 00:47:17,603 - INFO - Memory usage after start of ROI/hemi iteration: 20439.95 MB
2025-01-02 00:47:17,631 - INFO - Memory usage after start of run combination: 20439.95 MB
2025-01-02 00:47:17,631 - INFO - Processing pIPS right for run combination [1, 2] for subject sub-spaceloc1012
2025-01-02 00:47:17,882 - INFO - Functional image: shape=(208, 240, 256, 341), affine=
[[ 9.99633670e-01 -2.68912259e-02 -2.42246012e-03 -9.79729156e+01]
 [ 2.69825663e-02  9.91728306e-01  1.25486717e-01 -1.17756119e+02]
 [-9.72067588e-04 -1.25506327e-01  9.92092371e-01 -1.37988770e+02]
 [ 0.00000000e+00  0.00000000e+00  0.00000000e+00  1.00000000e+00]]
2025-01-02 00:48:43,451 - INFO - Generated mask: shape=(208, 240, 256), affine=
[[ 9.99633670e-01 -2.68912259e-02 -2.42246012e-03 -9.79729156e+01]
 [ 2.69825663e-02  9.91728306e-01  1.25486717e-01 -1.17756119e+02]
 [-9.72067588e-04 -1.25506327e-01  9.92092371e-01 -1.37988770e+02]
 [ 0.00000000e+00  0.00000000e+00  0.00000000e+00  1.00000000e+00]]
2025-01-02 00:51:23,298 - INFO - Cleaned data: shape=(208, 240, 256, 341), min=-11.499342918395996, max=10.76090145111084, mean=2.288812743698315e-12
2025-01-02 00:51:23,732 - INFO - Memory usage after after loading and cleaning run: 53687.45 MB
2025-01-02 00:51:23,732 - INFO - Memory usage after after loading analysis run: 53687.45 MB
2025-01-02 00:56:54,883 - INFO - Memory usage after after ROI extraction: 53676.74 MB
2025-01-02 00:56:54,883 - INFO - Creating Searchlight object for pIPS right...
2025-01-02 00:56:54,885 - INFO - Searchlight object created.
2025-01-02 00:56:54,885 - INFO - Distributing data...
2025-01-02 00:58:33,593 - INFO - Memory usage after after data distribution: 35620.32 MB
2025-01-02 00:58:33,593 - INFO - Broadcasting pIPS time series and psychological covariate...
2025-01-02 00:58:33,594 - INFO - Broadcasting completed.
2025-01-02 00:58:33,594 - INFO - Starting searchlight analysis...
2025-01-02 05:18:43,299 - INFO - Searchlight analysis completed.
2025-01-02 05:18:43,300 - INFO - Memory usage after after searchlight: 36545.75 MB
2025-01-02 05:18:45,109 - INFO - Saved searchlight result to /lab_data/behrmannlab/vlad/ptoc/sub-spaceloc1012/ses-01//derivatives/gca/searchlight_result_tool_runs12_pIPS_right_1217.nii.gz
2025-01-02 05:18:45,618 - INFO - Memory usage after after cleanup: 20458.29 MB
2025-01-02 05:18:45,650 - INFO - Memory usage after start of run combination: 20458.29 MB
2025-01-02 05:18:45,650 - INFO - Processing pIPS right for run combination [2, 1] for subject sub-spaceloc1012
2025-01-02 05:18:45,907 - INFO - Functional image: shape=(208, 240, 256, 341), affine=
[[ 9.99633670e-01 -2.68912259e-02 -2.42246012e-03 -9.79729156e+01]
 [ 2.69825663e-02  9.91728306e-01  1.25486717e-01 -1.17756119e+02]
 [-9.72067588e-04 -1.25506327e-01  9.92092371e-01 -1.37988770e+02]
 [ 0.00000000e+00  0.00000000e+00  0.00000000e+00  1.00000000e+00]]
2025-01-02 05:20:11,939 - INFO - Generated mask: shape=(208, 240, 256), affine=
[[ 9.99633670e-01 -2.68912259e-02 -2.42246012e-03 -9.79729156e+01]
 [ 2.69825663e-02  9.91728306e-01  1.25486717e-01 -1.17756119e+02]
 [-9.72067588e-04 -1.25506327e-01  9.92092371e-01 -1.37988770e+02]
 [ 0.00000000e+00  0.00000000e+00  0.00000000e+00  1.00000000e+00]]
2025-01-02 05:22:52,920 - INFO - Cleaned data: shape=(208, 240, 256, 341), min=-9.865824699401855, max=13.637868881225586, mean=3.8115906990337585e-12
2025-01-02 05:22:53,360 - INFO - Memory usage after after loading and cleaning run: 53709.36 MB
2025-01-02 05:22:53,360 - INFO - Memory usage after after loading analysis run: 53709.36 MB
2025-01-02 05:28:25,980 - INFO - Memory usage after after ROI extraction: 53709.36 MB
2025-01-02 05:28:25,980 - INFO - Creating Searchlight object for pIPS right...
2025-01-02 05:28:25,982 - INFO - Searchlight object created.
2025-01-02 05:28:25,982 - INFO - Distributing data...
2025-01-02 05:30:06,664 - INFO - Memory usage after after data distribution: 35667.09 MB
2025-01-02 05:30:06,664 - INFO - Broadcasting pIPS time series and psychological covariate...
2025-01-02 05:30:06,664 - INFO - Broadcasting completed.
2025-01-02 05:30:06,664 - INFO - Starting searchlight analysis...
2025-01-02 09:52:37,229 - INFO - Searchlight analysis completed.
2025-01-02 09:52:37,230 - INFO - Memory usage after after searchlight: 36592.30 MB
2025-01-02 09:52:39,079 - INFO - Saved searchlight result to /lab_data/behrmannlab/vlad/ptoc/sub-spaceloc1012/ses-01//derivatives/gca/searchlight_result_tool_runs21_pIPS_right_1217.nii.gz
2025-01-02 09:52:40,180 - INFO - Memory usage after after cleanup: 20440.68 MB
2025-01-02 09:52:40,213 - INFO - Memory usage after start of ROI/hemi iteration: 20440.68 MB
2025-01-02 09:52:40,242 - INFO - Memory usage after start of run combination: 20440.68 MB
2025-01-02 09:52:40,242 - INFO - Processing LO left for run combination [1, 2] for subject sub-spaceloc1012
2025-01-02 09:52:40,361 - INFO - Functional image: shape=(208, 240, 256, 341), affine=
[[ 9.99633670e-01 -2.68912259e-02 -2.42246012e-03 -9.79729156e+01]
 [ 2.69825663e-02  9.91728306e-01  1.25486717e-01 -1.17756119e+02]
 [-9.72067588e-04 -1.25506327e-01  9.92092371e-01 -1.37988770e+02]
 [ 0.00000000e+00  0.00000000e+00  0.00000000e+00  1.00000000e+00]]
2025-01-02 09:54:08,769 - INFO - Generated mask: shape=(208, 240, 256), affine=
[[ 9.99633670e-01 -2.68912259e-02 -2.42246012e-03 -9.79729156e+01]
 [ 2.69825663e-02  9.91728306e-01  1.25486717e-01 -1.17756119e+02]
 [-9.72067588e-04 -1.25506327e-01  9.92092371e-01 -1.37988770e+02]
 [ 0.00000000e+00  0.00000000e+00  0.00000000e+00  1.00000000e+00]]
2025-01-02 09:56:45,887 - INFO - Cleaned data: shape=(208, 240, 256, 341), min=-11.499342918395996, max=10.76090145111084, mean=2.288812743698315e-12
2025-01-02 09:56:46,321 - INFO - Memory usage after after loading and cleaning run: 53687.69 MB
2025-01-02 09:56:46,321 - INFO - Memory usage after after loading analysis run: 53687.69 MB
2025-01-02 10:02:26,800 - INFO - Memory usage after after ROI extraction: 53687.94 MB
2025-01-02 10:02:26,800 - INFO - Creating Searchlight object for LO left...
2025-01-02 10:02:26,802 - INFO - Searchlight object created.
2025-01-02 10:02:26,802 - INFO - Distributing data...
2025-01-02 10:04:08,309 - INFO - Memory usage after after data distribution: 35631.39 MB
2025-01-02 10:04:08,310 - INFO - Broadcasting LO time series and psychological covariate...
2025-01-02 10:04:08,310 - INFO - Broadcasting completed.
2025-01-02 10:04:08,310 - INFO - Starting searchlight analysis...
2025-01-02 14:26:49,793 - INFO - Searchlight analysis completed.
2025-01-02 14:26:49,794 - INFO - Memory usage after after searchlight: 36556.71 MB
2025-01-02 14:26:51,684 - INFO - Saved searchlight result to /lab_data/behrmannlab/vlad/ptoc/sub-spaceloc1012/ses-01//derivatives/gca/searchlight_result_tool_runs12_LO_left_1217.nii.gz
2025-01-02 14:26:52,746 - INFO - Memory usage after after cleanup: 20468.99 MB
2025-01-02 14:26:52,777 - INFO - Memory usage after start of run combination: 20468.99 MB
2025-01-02 14:26:52,777 - INFO - Processing LO left for run combination [2, 1] for subject sub-spaceloc1012
2025-01-02 14:26:53,010 - INFO - Functional image: shape=(208, 240, 256, 341), affine=
[[ 9.99633670e-01 -2.68912259e-02 -2.42246012e-03 -9.79729156e+01]
 [ 2.69825663e-02  9.91728306e-01  1.25486717e-01 -1.17756119e+02]
 [-9.72067588e-04 -1.25506327e-01  9.92092371e-01 -1.37988770e+02]
 [ 0.00000000e+00  0.00000000e+00  0.00000000e+00  1.00000000e+00]]
2025-01-02 14:28:18,976 - INFO - Generated mask: shape=(208, 240, 256), affine=
[[ 9.99633670e-01 -2.68912259e-02 -2.42246012e-03 -9.79729156e+01]
 [ 2.69825663e-02  9.91728306e-01  1.25486717e-01 -1.17756119e+02]
 [-9.72067588e-04 -1.25506327e-01  9.92092371e-01 -1.37988770e+02]
 [ 0.00000000e+00  0.00000000e+00  0.00000000e+00  1.00000000e+00]]
2025-01-02 14:30:58,235 - INFO - Cleaned data: shape=(208, 240, 256, 341), min=-9.865824699401855, max=13.637868881225586, mean=3.8115906990337585e-12
2025-01-02 14:30:58,670 - INFO - Memory usage after after loading and cleaning run: 53716.24 MB
2025-01-02 14:30:58,670 - INFO - Memory usage after after loading analysis run: 53716.24 MB
2025-01-02 14:36:32,426 - INFO - Memory usage after after ROI extraction: 53716.49 MB
2025-01-02 14:36:32,426 - INFO - Creating Searchlight object for LO left...
2025-01-02 14:36:32,428 - INFO - Searchlight object created.
2025-01-02 14:36:32,428 - INFO - Distributing data...
2025-01-02 14:38:12,340 - INFO - Memory usage after after data distribution: 35681.36 MB
2025-01-02 14:38:12,341 - INFO - Broadcasting LO time series and psychological covariate...
2025-01-02 14:38:12,341 - INFO - Broadcasting completed.
2025-01-02 14:38:12,341 - INFO - Starting searchlight analysis...
2025-01-02 19:00:55,611 - INFO - Searchlight analysis completed.
2025-01-02 19:00:55,612 - INFO - Memory usage after after searchlight: 36606.58 MB
2025-01-02 19:00:57,435 - INFO - Saved searchlight result to /lab_data/behrmannlab/vlad/ptoc/sub-spaceloc1012/ses-01//derivatives/gca/searchlight_result_tool_runs21_LO_left_1217.nii.gz
2025-01-02 19:00:58,501 - INFO - Memory usage after after cleanup: 20454.71 MB
2025-01-02 19:00:58,532 - INFO - Memory usage after start of ROI/hemi iteration: 20454.71 MB
2025-01-02 19:00:58,561 - INFO - Memory usage after start of run combination: 20454.71 MB
2025-01-02 19:00:58,561 - INFO - Processing LO right for run combination [1, 2] for subject sub-spaceloc1012
2025-01-02 19:00:58,679 - INFO - Functional image: shape=(208, 240, 256, 341), affine=
[[ 9.99633670e-01 -2.68912259e-02 -2.42246012e-03 -9.79729156e+01]
 [ 2.69825663e-02  9.91728306e-01  1.25486717e-01 -1.17756119e+02]
 [-9.72067588e-04 -1.25506327e-01  9.92092371e-01 -1.37988770e+02]
 [ 0.00000000e+00  0.00000000e+00  0.00000000e+00  1.00000000e+00]]
2025-01-02 19:02:22,749 - INFO - Generated mask: shape=(208, 240, 256), affine=
[[ 9.99633670e-01 -2.68912259e-02 -2.42246012e-03 -9.79729156e+01]
 [ 2.69825663e-02  9.91728306e-01  1.25486717e-01 -1.17756119e+02]
 [-9.72067588e-04 -1.25506327e-01  9.92092371e-01 -1.37988770e+02]
 [ 0.00000000e+00  0.00000000e+00  0.00000000e+00  1.00000000e+00]]
2025-01-02 19:05:01,535 - INFO - Cleaned data: shape=(208, 240, 256, 341), min=-11.499342918395996, max=10.76090145111084, mean=2.288812743698315e-12
2025-01-02 19:05:01,973 - INFO - Memory usage after after loading and cleaning run: 53701.71 MB
2025-01-02 19:05:01,973 - INFO - Memory usage after after loading analysis run: 53701.71 MB
2025-01-02 19:10:36,381 - INFO - Memory usage after after ROI extraction: 53701.70 MB
2025-01-02 19:10:36,381 - INFO - Creating Searchlight object for LO right...
2025-01-02 19:10:36,383 - INFO - Searchlight object created.
2025-01-02 19:10:36,383 - INFO - Distributing data...
2025-01-02 19:12:15,439 - INFO - Memory usage after after data distribution: 35631.26 MB
2025-01-02 19:12:15,440 - INFO - Broadcasting LO time series and psychological covariate...
2025-01-02 19:12:15,440 - INFO - Broadcasting completed.
2025-01-02 19:12:15,440 - INFO - Starting searchlight analysis...
