Traceback (most recent call last):
  File "<string>", line 2, in <module>
ModuleNotFoundError: No module named 'brainiak.utils.fmriroi'
/home/csimmon2/anaconda3/envs/brainiak_env/lib/python3.7/site-packages/nilearn/__init__.py:67: FutureWarning: Python 3.7 support is deprecated and will be removed in release 0.12 of Nilearn. Consider switching to Python 3.9 or 3.10.
  _python_deprecation_warnings()
2024-10-23 20:50:20,139 - INFO - Running searchlight analysis with GCA for Object...
2024-10-23 20:50:20,854 - INFO - Processing pIPS left for run combination [1, 2] for subject sub-107
2024-10-23 20:50:20,855 - INFO - Loading run 1 from /lab_data/behrmannlab/vlad/hemispace/sub-107/ses-01/derivatives/fsl/loc/run-01/1stLevel.feat/filtered_func_data_reg.nii.gz
2024-10-23 20:50:21,781 - INFO - Functional image: shape=(176, 256, 256, 184), affine=
[[ 9.90944207e-01  1.22410357e-01 -5.51351495e-02 -9.35199890e+01]
 [-1.25377983e-01  9.90636528e-01 -5.40325344e-02 -8.15031891e+01]
 [ 4.80046198e-02  6.04561269e-02  9.97015834e-01 -1.20744064e+02]
 [ 0.00000000e+00  0.00000000e+00  0.00000000e+00  1.00000000e+00]]
2024-10-23 20:51:09,387 - INFO - Generated mask: shape=(176, 256, 256), affine=
[[ 9.90944207e-01  1.22410357e-01 -5.51351495e-02 -9.35199890e+01]
 [-1.25377983e-01  9.90636528e-01 -5.40325344e-02 -8.15031891e+01]
 [ 4.80046198e-02  6.04561269e-02  9.97015834e-01 -1.20744064e+02]
 [ 0.00000000e+00  0.00000000e+00  0.00000000e+00  1.00000000e+00]]
2024-10-23 20:52:04,018 - INFO - Cleaned data: shape=(176, 256, 256, 184), min=-8.130642890930176, max=10.605079650878906, mean=1.8769336951517634e-12
2024-10-23 20:52:04,094 - INFO - Memory usage after after loading and cleaning run: 16400.44 MB
2024-10-23 20:52:04,094 - INFO - Loading run 2 from /lab_data/behrmannlab/vlad/hemispace/sub-107/ses-01/derivatives/fsl/loc/run-02/1stLevel.feat/filtered_func_data_reg.nii.gz
2024-10-23 20:52:04,604 - INFO - Functional image: shape=(176, 256, 256, 184), affine=
[[ 9.90944207e-01  1.22410357e-01 -5.51351495e-02 -9.35199890e+01]
 [-1.25377983e-01  9.90636528e-01 -5.40325344e-02 -8.15031891e+01]
 [ 4.80046198e-02  6.04561269e-02  9.97015834e-01 -1.20744064e+02]
 [ 0.00000000e+00  0.00000000e+00  0.00000000e+00  1.00000000e+00]]
2024-10-23 20:52:51,433 - INFO - Generated mask: shape=(176, 256, 256), affine=
[[ 9.90944207e-01  1.22410357e-01 -5.51351495e-02 -9.35199890e+01]
 [-1.25377983e-01  9.90636528e-01 -5.40325344e-02 -8.15031891e+01]
 [ 4.80046198e-02  6.04561269e-02  9.97015834e-01 -1.20744064e+02]
 [ 0.00000000e+00  0.00000000e+00  0.00000000e+00  1.00000000e+00]]
2024-10-23 20:53:46,402 - INFO - Cleaned data: shape=(176, 256, 256, 184), min=-10.230112075805664, max=10.019224166870117, mean=1.4714355268616177e-12
2024-10-23 20:53:46,496 - INFO - Memory usage after after loading and cleaning run: 32606.75 MB
2024-10-23 20:54:06,310 - INFO - Concatenated data shape: (176, 256, 256, 368)
2024-10-23 20:54:06,408 - INFO - Memory usage after after concatenating runs: 48799.65 MB
2024-10-23 20:57:48,890 - INFO - Creating Searchlight object for pIPS left...
2024-10-23 20:57:48,894 - INFO - Searchlight object created.
2024-10-23 20:57:48,894 - INFO - Distributing data...
2024-10-23 20:59:16,663 - INFO - Data distribution completed.
2024-10-23 20:59:16,664 - INFO - Broadcasting pIPS time series and psychological covariate...
2024-10-23 20:59:16,664 - INFO - Broadcasting completed.
2024-10-23 20:59:16,664 - INFO - Starting searchlight analysis...
2024-10-24 02:07:46,206 - INFO - Searchlight analysis completed.
2024-10-24 02:07:46,207 - INFO - Memory usage after after searchlight: 85552.85 MB
2024-10-24 02:07:48,633 - INFO - Saved searchlight result to /lab_data/behrmannlab/vlad/ptoc/sub-107/ses-01//derivatives/gca/searchlight_result_object_runs12_pIPS_left.nii.gz
2024-10-24 02:07:50,030 - INFO - Processing pIPS left for run combination [1, 3] for subject sub-107
2024-10-24 02:07:50,085 - INFO - Loading run 1 from /lab_data/behrmannlab/vlad/hemispace/sub-107/ses-01/derivatives/fsl/loc/run-01/1stLevel.feat/filtered_func_data_reg.nii.gz
2024-10-24 02:07:50,493 - INFO - Functional image: shape=(176, 256, 256, 184), affine=
[[ 9.90944207e-01  1.22410357e-01 -5.51351495e-02 -9.35199890e+01]
 [-1.25377983e-01  9.90636528e-01 -5.40325344e-02 -8.15031891e+01]
 [ 4.80046198e-02  6.04561269e-02  9.97015834e-01 -1.20744064e+02]
 [ 0.00000000e+00  0.00000000e+00  0.00000000e+00  1.00000000e+00]]
2024-10-24 02:08:48,258 - INFO - Generated mask: shape=(176, 256, 256), affine=
[[ 9.90944207e-01  1.22410357e-01 -5.51351495e-02 -9.35199890e+01]
 [-1.25377983e-01  9.90636528e-01 -5.40325344e-02 -8.15031891e+01]
 [ 4.80046198e-02  6.04561269e-02  9.97015834e-01 -1.20744064e+02]
 [ 0.00000000e+00  0.00000000e+00  0.00000000e+00  1.00000000e+00]]
2024-10-24 02:09:51,026 - INFO - Cleaned data: shape=(176, 256, 256, 184), min=-8.130642890930176, max=10.605079650878906, mean=1.8769336951517634e-12
2024-10-24 02:09:51,095 - INFO - Memory usage after after loading and cleaning run: 68509.48 MB
2024-10-24 02:09:51,144 - INFO - Loading run 3 from /lab_data/behrmannlab/vlad/hemispace/sub-107/ses-01/derivatives/fsl/loc/run-03/1stLevel.feat/filtered_func_data_reg.nii.gz
2024-10-24 02:09:51,410 - INFO - Functional image: shape=(176, 256, 256, 184), affine=
[[ 9.90944207e-01  1.22410357e-01 -5.51351495e-02 -9.35199890e+01]
 [-1.25377983e-01  9.90636528e-01 -5.40325344e-02 -8.15031891e+01]
 [ 4.80046198e-02  6.04561269e-02  9.97015834e-01 -1.20744064e+02]
 [ 0.00000000e+00  0.00000000e+00  0.00000000e+00  1.00000000e+00]]
2024-10-24 02:10:41,316 - INFO - Generated mask: shape=(176, 256, 256), affine=
[[ 9.90944207e-01  1.22410357e-01 -5.51351495e-02 -9.35199890e+01]
 [-1.25377983e-01  9.90636528e-01 -5.40325344e-02 -8.15031891e+01]
 [ 4.80046198e-02  6.04561269e-02  9.97015834e-01 -1.20744064e+02]
 [ 0.00000000e+00  0.00000000e+00  0.00000000e+00  1.00000000e+00]]
2024-10-24 02:11:41,229 - INFO - Cleaned data: shape=(176, 256, 256, 184), min=-8.670963287353516, max=9.924726486206055, mean=-5.4842180920759536e-14
2024-10-24 02:11:41,281 - INFO - Memory usage after after loading and cleaning run: 68421.47 MB
2024-10-24 02:12:08,014 - INFO - Concatenated data shape: (176, 256, 256, 368)
2024-10-24 02:12:08,098 - INFO - Memory usage after after concatenating runs: 84613.47 MB
2024-10-24 02:17:16,552 - INFO - Creating Searchlight object for pIPS left...
2024-10-24 02:17:17,866 - INFO - Searchlight object created.
2024-10-24 02:17:17,866 - INFO - Distributing data...
2024-10-24 02:18:50,004 - INFO - Data distribution completed.
2024-10-24 02:18:50,004 - INFO - Broadcasting pIPS time series and psychological covariate...
2024-10-24 02:18:50,004 - INFO - Broadcasting completed.
2024-10-24 02:18:50,004 - INFO - Starting searchlight analysis...
2024-10-24 07:38:07,125 - INFO - Searchlight analysis completed.
2024-10-24 07:38:07,154 - INFO - Memory usage after after searchlight: 85763.64 MB
2024-10-24 07:38:09,779 - INFO - Saved searchlight result to /lab_data/behrmannlab/vlad/ptoc/sub-107/ses-01//derivatives/gca/searchlight_result_object_runs13_pIPS_left.nii.gz
2024-10-24 07:38:12,541 - INFO - Processing pIPS left for run combination [2, 3] for subject sub-107
2024-10-24 07:38:12,598 - INFO - Loading run 2 from /lab_data/behrmannlab/vlad/hemispace/sub-107/ses-01/derivatives/fsl/loc/run-02/1stLevel.feat/filtered_func_data_reg.nii.gz
2024-10-24 07:38:13,024 - INFO - Functional image: shape=(176, 256, 256, 184), affine=
[[ 9.90944207e-01  1.22410357e-01 -5.51351495e-02 -9.35199890e+01]
 [-1.25377983e-01  9.90636528e-01 -5.40325344e-02 -8.15031891e+01]
 [ 4.80046198e-02  6.04561269e-02  9.97015834e-01 -1.20744064e+02]
 [ 0.00000000e+00  0.00000000e+00  0.00000000e+00  1.00000000e+00]]
2024-10-24 07:39:02,905 - INFO - Generated mask: shape=(176, 256, 256), affine=
[[ 9.90944207e-01  1.22410357e-01 -5.51351495e-02 -9.35199890e+01]
 [-1.25377983e-01  9.90636528e-01 -5.40325344e-02 -8.15031891e+01]
 [ 4.80046198e-02  6.04561269e-02  9.97015834e-01 -1.20744064e+02]
 [ 0.00000000e+00  0.00000000e+00  0.00000000e+00  1.00000000e+00]]
2024-10-24 07:40:02,079 - INFO - Cleaned data: shape=(176, 256, 256, 184), min=-10.230112075805664, max=10.019224166870117, mean=1.4714355268616177e-12
2024-10-24 07:40:02,132 - INFO - Memory usage after after loading and cleaning run: 68799.12 MB
2024-10-24 07:40:02,179 - INFO - Loading run 3 from /lab_data/behrmannlab/vlad/hemispace/sub-107/ses-01/derivatives/fsl/loc/run-03/1stLevel.feat/filtered_func_data_reg.nii.gz
2024-10-24 07:40:02,340 - INFO - Functional image: shape=(176, 256, 256, 184), affine=
[[ 9.90944207e-01  1.22410357e-01 -5.51351495e-02 -9.35199890e+01]
 [-1.25377983e-01  9.90636528e-01 -5.40325344e-02 -8.15031891e+01]
 [ 4.80046198e-02  6.04561269e-02  9.97015834e-01 -1.20744064e+02]
 [ 0.00000000e+00  0.00000000e+00  0.00000000e+00  1.00000000e+00]]
2024-10-24 07:40:51,204 - INFO - Generated mask: shape=(176, 256, 256), affine=
[[ 9.90944207e-01  1.22410357e-01 -5.51351495e-02 -9.35199890e+01]
 [-1.25377983e-01  9.90636528e-01 -5.40325344e-02 -8.15031891e+01]
 [ 4.80046198e-02  6.04561269e-02  9.97015834e-01 -1.20744064e+02]
 [ 0.00000000e+00  0.00000000e+00  0.00000000e+00  1.00000000e+00]]
2024-10-24 07:41:50,332 - INFO - Cleaned data: shape=(176, 256, 256, 184), min=-8.670963287353516, max=9.924726486206055, mean=-5.4842180920759536e-14
2024-10-24 07:41:50,401 - INFO - Memory usage after after loading and cleaning run: 68809.25 MB
2024-10-24 07:42:17,597 - INFO - Concatenated data shape: (176, 256, 256, 368)
2024-10-24 07:42:17,694 - INFO - Memory usage after after concatenating runs: 85001.25 MB
2024-10-24 07:47:12,546 - INFO - Creating Searchlight object for pIPS left...
2024-10-24 07:47:12,568 - INFO - Searchlight object created.
2024-10-24 07:47:12,568 - INFO - Distributing data...
2024-10-24 07:48:41,857 - INFO - Data distribution completed.
2024-10-24 07:48:41,858 - INFO - Broadcasting pIPS time series and psychological covariate...
2024-10-24 07:48:41,858 - INFO - Broadcasting completed.
2024-10-24 07:48:41,858 - INFO - Starting searchlight analysis...
2024-10-24 13:02:05,474 - INFO - Searchlight analysis completed.
2024-10-24 13:02:05,476 - INFO - Memory usage after after searchlight: 85932.88 MB
2024-10-24 13:02:07,906 - INFO - Saved searchlight result to /lab_data/behrmannlab/vlad/ptoc/sub-107/ses-01//derivatives/gca/searchlight_result_object_runs23_pIPS_left.nii.gz
2024-10-24 13:02:10,045 - INFO - Processing pIPS right for run combination [1, 2] for subject sub-107
2024-10-24 13:02:10,047 - INFO - Loading run 1 from /lab_data/behrmannlab/vlad/hemispace/sub-107/ses-01/derivatives/fsl/loc/run-01/1stLevel.feat/filtered_func_data_reg.nii.gz
2024-10-24 13:02:10,422 - INFO - Functional image: shape=(176, 256, 256, 184), affine=
[[ 9.90944207e-01  1.22410357e-01 -5.51351495e-02 -9.35199890e+01]
 [-1.25377983e-01  9.90636528e-01 -5.40325344e-02 -8.15031891e+01]
 [ 4.80046198e-02  6.04561269e-02  9.97015834e-01 -1.20744064e+02]
 [ 0.00000000e+00  0.00000000e+00  0.00000000e+00  1.00000000e+00]]
2024-10-24 13:03:10,823 - INFO - Generated mask: shape=(176, 256, 256), affine=
[[ 9.90944207e-01  1.22410357e-01 -5.51351495e-02 -9.35199890e+01]
 [-1.25377983e-01  9.90636528e-01 -5.40325344e-02 -8.15031891e+01]
 [ 4.80046198e-02  6.04561269e-02  9.97015834e-01 -1.20744064e+02]
 [ 0.00000000e+00  0.00000000e+00  0.00000000e+00  1.00000000e+00]]
2024-10-24 13:04:42,607 - INFO - Cleaned data: shape=(176, 256, 256, 184), min=-8.130642890930176, max=10.605079650878906, mean=1.8769336951517634e-12
2024-10-24 13:04:42,677 - INFO - Memory usage after after loading and cleaning run: 68882.72 MB
2024-10-24 13:04:42,727 - INFO - Loading run 2 from /lab_data/behrmannlab/vlad/hemispace/sub-107/ses-01/derivatives/fsl/loc/run-02/1stLevel.feat/filtered_func_data_reg.nii.gz
2024-10-24 13:04:42,877 - INFO - Functional image: shape=(176, 256, 256, 184), affine=
[[ 9.90944207e-01  1.22410357e-01 -5.51351495e-02 -9.35199890e+01]
 [-1.25377983e-01  9.90636528e-01 -5.40325344e-02 -8.15031891e+01]
 [ 4.80046198e-02  6.04561269e-02  9.97015834e-01 -1.20744064e+02]
 [ 0.00000000e+00  0.00000000e+00  0.00000000e+00  1.00000000e+00]]
2024-10-24 13:05:35,156 - INFO - Generated mask: shape=(176, 256, 256), affine=
[[ 9.90944207e-01  1.22410357e-01 -5.51351495e-02 -9.35199890e+01]
 [-1.25377983e-01  9.90636528e-01 -5.40325344e-02 -8.15031891e+01]
 [ 4.80046198e-02  6.04561269e-02  9.97015834e-01 -1.20744064e+02]
 [ 0.00000000e+00  0.00000000e+00  0.00000000e+00  1.00000000e+00]]
2024-10-24 13:07:01,428 - INFO - Cleaned data: shape=(176, 256, 256, 184), min=-10.230112075805664, max=10.019224166870117, mean=1.4714355268616177e-12
2024-10-24 13:07:01,479 - INFO - Memory usage after after loading and cleaning run: 68882.72 MB
2024-10-24 13:07:34,651 - INFO - Concatenated data shape: (176, 256, 256, 368)
2024-10-24 13:07:35,532 - INFO - Memory usage after after concatenating runs: 85074.72 MB
2024-10-24 13:12:54,030 - INFO - Creating Searchlight object for pIPS right...
2024-10-24 13:12:56,159 - INFO - Searchlight object created.
2024-10-24 13:12:56,160 - INFO - Distributing data...
2024-10-24 13:14:35,776 - INFO - Data distribution completed.
2024-10-24 13:14:35,777 - INFO - Broadcasting pIPS time series and psychological covariate...
2024-10-24 13:14:35,777 - INFO - Broadcasting completed.
2024-10-24 13:14:35,777 - INFO - Starting searchlight analysis...
2024-10-24 18:30:09,530 - INFO - Searchlight analysis completed.
2024-10-24 18:30:09,531 - INFO - Memory usage after after searchlight: 85626.41 MB
2024-10-24 18:30:11,982 - INFO - Saved searchlight result to /lab_data/behrmannlab/vlad/ptoc/sub-107/ses-01//derivatives/gca/searchlight_result_object_runs12_pIPS_right.nii.gz
2024-10-24 18:30:14,654 - INFO - Processing pIPS right for run combination [1, 3] for subject sub-107
2024-10-24 18:30:14,654 - INFO - Loading run 1 from /lab_data/behrmannlab/vlad/hemispace/sub-107/ses-01/derivatives/fsl/loc/run-01/1stLevel.feat/filtered_func_data_reg.nii.gz
2024-10-24 18:30:15,113 - INFO - Functional image: shape=(176, 256, 256, 184), affine=
[[ 9.90944207e-01  1.22410357e-01 -5.51351495e-02 -9.35199890e+01]
 [-1.25377983e-01  9.90636528e-01 -5.40325344e-02 -8.15031891e+01]
 [ 4.80046198e-02  6.04561269e-02  9.97015834e-01 -1.20744064e+02]
 [ 0.00000000e+00  0.00000000e+00  0.00000000e+00  1.00000000e+00]]
2024-10-24 18:31:04,654 - INFO - Generated mask: shape=(176, 256, 256), affine=
[[ 9.90944207e-01  1.22410357e-01 -5.51351495e-02 -9.35199890e+01]
 [-1.25377983e-01  9.90636528e-01 -5.40325344e-02 -8.15031891e+01]
 [ 4.80046198e-02  6.04561269e-02  9.97015834e-01 -1.20744064e+02]
 [ 0.00000000e+00  0.00000000e+00  0.00000000e+00  1.00000000e+00]]
2024-10-24 18:32:10,867 - INFO - Cleaned data: shape=(176, 256, 256, 184), min=-8.130642890930176, max=10.605079650878906, mean=1.8769336951517634e-12
2024-10-24 18:32:10,919 - INFO - Memory usage after after loading and cleaning run: 68583.00 MB
2024-10-24 18:32:11,073 - INFO - Loading run 3 from /lab_data/behrmannlab/vlad/hemispace/sub-107/ses-01/derivatives/fsl/loc/run-03/1stLevel.feat/filtered_func_data_reg.nii.gz
2024-10-24 18:32:11,193 - INFO - Functional image: shape=(176, 256, 256, 184), affine=
[[ 9.90944207e-01  1.22410357e-01 -5.51351495e-02 -9.35199890e+01]
 [-1.25377983e-01  9.90636528e-01 -5.40325344e-02 -8.15031891e+01]
 [ 4.80046198e-02  6.04561269e-02  9.97015834e-01 -1.20744064e+02]
 [ 0.00000000e+00  0.00000000e+00  0.00000000e+00  1.00000000e+00]]
2024-10-24 18:33:00,238 - INFO - Generated mask: shape=(176, 256, 256), affine=
[[ 9.90944207e-01  1.22410357e-01 -5.51351495e-02 -9.35199890e+01]
 [-1.25377983e-01  9.90636528e-01 -5.40325344e-02 -8.15031891e+01]
 [ 4.80046198e-02  6.04561269e-02  9.97015834e-01 -1.20744064e+02]
 [ 0.00000000e+00  0.00000000e+00  0.00000000e+00  1.00000000e+00]]
2024-10-24 18:34:03,988 - INFO - Cleaned data: shape=(176, 256, 256, 184), min=-8.670963287353516, max=9.924726486206055, mean=-5.4842180920759536e-14
2024-10-24 18:34:04,040 - INFO - Memory usage after after loading and cleaning run: 68583.00 MB
2024-10-24 18:34:38,015 - INFO - Concatenated data shape: (176, 256, 256, 368)
2024-10-24 18:34:38,900 - INFO - Memory usage after after concatenating runs: 84775.00 MB
2024-10-24 18:39:54,556 - INFO - Creating Searchlight object for pIPS right...
2024-10-24 18:39:54,582 - INFO - Searchlight object created.
2024-10-24 18:39:54,582 - INFO - Distributing data...
2024-10-24 18:41:20,703 - INFO - Data distribution completed.
2024-10-24 18:41:20,703 - INFO - Broadcasting pIPS time series and psychological covariate...
2024-10-24 18:41:20,703 - INFO - Broadcasting completed.
2024-10-24 18:41:20,703 - INFO - Starting searchlight analysis...
2024-10-25 00:01:37,444 - INFO - Searchlight analysis completed.
2024-10-25 00:01:37,446 - INFO - Memory usage after after searchlight: 85941.57 MB
2024-10-25 00:01:39,908 - INFO - Saved searchlight result to /lab_data/behrmannlab/vlad/ptoc/sub-107/ses-01//derivatives/gca/searchlight_result_object_runs13_pIPS_right.nii.gz
2024-10-25 00:01:42,732 - INFO - Processing pIPS right for run combination [2, 3] for subject sub-107
2024-10-25 00:01:42,732 - INFO - Loading run 2 from /lab_data/behrmannlab/vlad/hemispace/sub-107/ses-01/derivatives/fsl/loc/run-02/1stLevel.feat/filtered_func_data_reg.nii.gz
2024-10-25 00:01:42,992 - INFO - Functional image: shape=(176, 256, 256, 184), affine=
[[ 9.90944207e-01  1.22410357e-01 -5.51351495e-02 -9.35199890e+01]
 [-1.25377983e-01  9.90636528e-01 -5.40325344e-02 -8.15031891e+01]
 [ 4.80046198e-02  6.04561269e-02  9.97015834e-01 -1.20744064e+02]
 [ 0.00000000e+00  0.00000000e+00  0.00000000e+00  1.00000000e+00]]
2024-10-25 00:02:32,918 - INFO - Generated mask: shape=(176, 256, 256), affine=
[[ 9.90944207e-01  1.22410357e-01 -5.51351495e-02 -9.35199890e+01]
 [-1.25377983e-01  9.90636528e-01 -5.40325344e-02 -8.15031891e+01]
 [ 4.80046198e-02  6.04561269e-02  9.97015834e-01 -1.20744064e+02]
 [ 0.00000000e+00  0.00000000e+00  0.00000000e+00  1.00000000e+00]]
2024-10-25 00:03:43,486 - INFO - Cleaned data: shape=(176, 256, 256, 184), min=-10.230112075805664, max=10.019224166870117, mean=1.4714355268616177e-12
2024-10-25 00:03:43,537 - INFO - Memory usage after after loading and cleaning run: 68891.14 MB
2024-10-25 00:03:43,794 - INFO - Loading run 3 from /lab_data/behrmannlab/vlad/hemispace/sub-107/ses-01/derivatives/fsl/loc/run-03/1stLevel.feat/filtered_func_data_reg.nii.gz
2024-10-25 00:03:43,967 - INFO - Functional image: shape=(176, 256, 256, 184), affine=
[[ 9.90944207e-01  1.22410357e-01 -5.51351495e-02 -9.35199890e+01]
 [-1.25377983e-01  9.90636528e-01 -5.40325344e-02 -8.15031891e+01]
 [ 4.80046198e-02  6.04561269e-02  9.97015834e-01 -1.20744064e+02]
 [ 0.00000000e+00  0.00000000e+00  0.00000000e+00  1.00000000e+00]]
2024-10-25 00:04:33,617 - INFO - Generated mask: shape=(176, 256, 256), affine=
[[ 9.90944207e-01  1.22410357e-01 -5.51351495e-02 -9.35199890e+01]
 [-1.25377983e-01  9.90636528e-01 -5.40325344e-02 -8.15031891e+01]
 [ 4.80046198e-02  6.04561269e-02  9.97015834e-01 -1.20744064e+02]
 [ 0.00000000e+00  0.00000000e+00  0.00000000e+00  1.00000000e+00]]
2024-10-25 00:05:38,908 - INFO - Cleaned data: shape=(176, 256, 256, 184), min=-8.670963287353516, max=9.924726486206055, mean=-5.4842180920759536e-14
2024-10-25 00:05:38,981 - INFO - Memory usage after after loading and cleaning run: 68891.14 MB
2024-10-25 00:06:12,113 - INFO - Concatenated data shape: (176, 256, 256, 368)
2024-10-25 00:06:13,065 - INFO - Memory usage after after concatenating runs: 85083.14 MB
2024-10-25 00:11:25,662 - INFO - Creating Searchlight object for pIPS right...
2024-10-25 00:11:25,675 - INFO - Searchlight object created.
2024-10-25 00:11:25,675 - INFO - Distributing data...
2024-10-25 00:12:53,322 - INFO - Data distribution completed.
2024-10-25 00:12:53,323 - INFO - Broadcasting pIPS time series and psychological covariate...
2024-10-25 00:12:53,323 - INFO - Broadcasting completed.
2024-10-25 00:12:53,323 - INFO - Starting searchlight analysis...
2024-10-25 05:28:30,522 - INFO - Searchlight analysis completed.
2024-10-25 05:28:30,531 - INFO - Memory usage after after searchlight: 85949.52 MB
2024-10-25 05:28:32,930 - INFO - Saved searchlight result to /lab_data/behrmannlab/vlad/ptoc/sub-107/ses-01//derivatives/gca/searchlight_result_object_runs23_pIPS_right.nii.gz
2024-10-25 05:28:35,272 - INFO - Processing LO left for run combination [1, 2] for subject sub-107
2024-10-25 05:28:35,272 - INFO - Loading run 1 from /lab_data/behrmannlab/vlad/hemispace/sub-107/ses-01/derivatives/fsl/loc/run-01/1stLevel.feat/filtered_func_data_reg.nii.gz
2024-10-25 05:28:35,533 - INFO - Functional image: shape=(176, 256, 256, 184), affine=
[[ 9.90944207e-01  1.22410357e-01 -5.51351495e-02 -9.35199890e+01]
 [-1.25377983e-01  9.90636528e-01 -5.40325344e-02 -8.15031891e+01]
 [ 4.80046198e-02  6.04561269e-02  9.97015834e-01 -1.20744064e+02]
 [ 0.00000000e+00  0.00000000e+00  0.00000000e+00  1.00000000e+00]]
2024-10-25 05:29:25,368 - INFO - Generated mask: shape=(176, 256, 256), affine=
[[ 9.90944207e-01  1.22410357e-01 -5.51351495e-02 -9.35199890e+01]
 [-1.25377983e-01  9.90636528e-01 -5.40325344e-02 -8.15031891e+01]
 [ 4.80046198e-02  6.04561269e-02  9.97015834e-01 -1.20744064e+02]
 [ 0.00000000e+00  0.00000000e+00  0.00000000e+00  1.00000000e+00]]
2024-10-25 05:30:32,511 - INFO - Cleaned data: shape=(176, 256, 256, 184), min=-8.130642890930176, max=10.605079650878906, mean=1.8769336951517634e-12
2024-10-25 05:30:32,563 - INFO - Memory usage after after loading and cleaning run: 68898.89 MB
2024-10-25 05:30:32,932 - INFO - Loading run 2 from /lab_data/behrmannlab/vlad/hemispace/sub-107/ses-01/derivatives/fsl/loc/run-02/1stLevel.feat/filtered_func_data_reg.nii.gz
2024-10-25 05:30:33,039 - INFO - Functional image: shape=(176, 256, 256, 184), affine=
[[ 9.90944207e-01  1.22410357e-01 -5.51351495e-02 -9.35199890e+01]
 [-1.25377983e-01  9.90636528e-01 -5.40325344e-02 -8.15031891e+01]
 [ 4.80046198e-02  6.04561269e-02  9.97015834e-01 -1.20744064e+02]
 [ 0.00000000e+00  0.00000000e+00  0.00000000e+00  1.00000000e+00]]
2024-10-25 05:31:22,342 - INFO - Generated mask: shape=(176, 256, 256), affine=
[[ 9.90944207e-01  1.22410357e-01 -5.51351495e-02 -9.35199890e+01]
 [-1.25377983e-01  9.90636528e-01 -5.40325344e-02 -8.15031891e+01]
 [ 4.80046198e-02  6.04561269e-02  9.97015834e-01 -1.20744064e+02]
 [ 0.00000000e+00  0.00000000e+00  0.00000000e+00  1.00000000e+00]]
2024-10-25 05:32:28,377 - INFO - Cleaned data: shape=(176, 256, 256, 184), min=-10.230112075805664, max=10.019224166870117, mean=1.4714355268616177e-12
2024-10-25 05:32:28,457 - INFO - Memory usage after after loading and cleaning run: 68898.89 MB
2024-10-25 05:33:01,936 - INFO - Concatenated data shape: (176, 256, 256, 368)
2024-10-25 05:33:02,856 - INFO - Memory usage after after concatenating runs: 85090.89 MB
2024-10-25 05:38:15,703 - INFO - Creating Searchlight object for LO left...
2024-10-25 05:38:15,717 - INFO - Searchlight object created.
2024-10-25 05:38:15,717 - INFO - Distributing data...
2024-10-25 05:39:41,910 - INFO - Data distribution completed.
2024-10-25 05:39:41,911 - INFO - Broadcasting LO time series and psychological covariate...
2024-10-25 05:39:41,911 - INFO - Broadcasting completed.
2024-10-25 05:39:41,911 - INFO - Starting searchlight analysis...
2024-10-25 10:53:29,404 - INFO - Searchlight analysis completed.
2024-10-25 10:53:29,406 - INFO - Memory usage after after searchlight: 85943.55 MB
2024-10-25 10:53:31,748 - INFO - Saved searchlight result to /lab_data/behrmannlab/vlad/ptoc/sub-107/ses-01//derivatives/gca/searchlight_result_object_runs12_LO_left.nii.gz
2024-10-25 10:53:34,122 - INFO - Processing LO left for run combination [1, 3] for subject sub-107
2024-10-25 10:53:34,123 - INFO - Loading run 1 from /lab_data/behrmannlab/vlad/hemispace/sub-107/ses-01/derivatives/fsl/loc/run-01/1stLevel.feat/filtered_func_data_reg.nii.gz
2024-10-25 10:53:34,385 - INFO - Functional image: shape=(176, 256, 256, 184), affine=
[[ 9.90944207e-01  1.22410357e-01 -5.51351495e-02 -9.35199890e+01]
 [-1.25377983e-01  9.90636528e-01 -5.40325344e-02 -8.15031891e+01]
 [ 4.80046198e-02  6.04561269e-02  9.97015834e-01 -1.20744064e+02]
 [ 0.00000000e+00  0.00000000e+00  0.00000000e+00  1.00000000e+00]]
2024-10-25 10:54:23,868 - INFO - Generated mask: shape=(176, 256, 256), affine=
[[ 9.90944207e-01  1.22410357e-01 -5.51351495e-02 -9.35199890e+01]
 [-1.25377983e-01  9.90636528e-01 -5.40325344e-02 -8.15031891e+01]
 [ 4.80046198e-02  6.04561269e-02  9.97015834e-01 -1.20744064e+02]
 [ 0.00000000e+00  0.00000000e+00  0.00000000e+00  1.00000000e+00]]
2024-10-25 10:55:29,710 - INFO - Cleaned data: shape=(176, 256, 256, 184), min=-8.130642890930176, max=10.605079650878906, mean=1.8769336951517634e-12
2024-10-25 10:55:29,780 - INFO - Memory usage after after loading and cleaning run: 68899.64 MB
2024-10-25 10:55:30,312 - INFO - Loading run 3 from /lab_data/behrmannlab/vlad/hemispace/sub-107/ses-01/derivatives/fsl/loc/run-03/1stLevel.feat/filtered_func_data_reg.nii.gz
2024-10-25 10:55:30,454 - INFO - Functional image: shape=(176, 256, 256, 184), affine=
[[ 9.90944207e-01  1.22410357e-01 -5.51351495e-02 -9.35199890e+01]
 [-1.25377983e-01  9.90636528e-01 -5.40325344e-02 -8.15031891e+01]
 [ 4.80046198e-02  6.04561269e-02  9.97015834e-01 -1.20744064e+02]
 [ 0.00000000e+00  0.00000000e+00  0.00000000e+00  1.00000000e+00]]
2024-10-25 10:56:19,774 - INFO - Generated mask: shape=(176, 256, 256), affine=
[[ 9.90944207e-01  1.22410357e-01 -5.51351495e-02 -9.35199890e+01]
 [-1.25377983e-01  9.90636528e-01 -5.40325344e-02 -8.15031891e+01]
 [ 4.80046198e-02  6.04561269e-02  9.97015834e-01 -1.20744064e+02]
 [ 0.00000000e+00  0.00000000e+00  0.00000000e+00  1.00000000e+00]]
2024-10-25 10:57:27,154 - INFO - Cleaned data: shape=(176, 256, 256, 184), min=-8.670963287353516, max=9.924726486206055, mean=-5.4842180920759536e-14
2024-10-25 10:57:27,206 - INFO - Memory usage after after loading and cleaning run: 68899.64 MB
2024-10-25 10:58:04,172 - INFO - Concatenated data shape: (176, 256, 256, 368)
2024-10-25 10:58:04,967 - INFO - Memory usage after after concatenating runs: 85091.64 MB
2024-10-25 11:03:09,722 - INFO - Creating Searchlight object for LO left...
2024-10-25 11:03:10,658 - INFO - Searchlight object created.
2024-10-25 11:03:10,658 - INFO - Distributing data...
2024-10-25 11:04:34,343 - INFO - Data distribution completed.
2024-10-25 11:04:34,344 - INFO - Broadcasting LO time series and psychological covariate...
2024-10-25 11:04:34,344 - INFO - Broadcasting completed.
2024-10-25 11:04:34,344 - INFO - Starting searchlight analysis...
2024-10-25 16:24:18,159 - INFO - Searchlight analysis completed.
2024-10-25 16:24:18,160 - INFO - Memory usage after after searchlight: 85942.61 MB
2024-10-25 16:24:20,498 - INFO - Saved searchlight result to /lab_data/behrmannlab/vlad/ptoc/sub-107/ses-01//derivatives/gca/searchlight_result_object_runs13_LO_left.nii.gz
2024-10-25 16:24:23,359 - INFO - Processing LO left for run combination [2, 3] for subject sub-107
2024-10-25 16:24:23,360 - INFO - Loading run 2 from /lab_data/behrmannlab/vlad/hemispace/sub-107/ses-01/derivatives/fsl/loc/run-02/1stLevel.feat/filtered_func_data_reg.nii.gz
2024-10-25 16:24:23,592 - INFO - Functional image: shape=(176, 256, 256, 184), affine=
[[ 9.90944207e-01  1.22410357e-01 -5.51351495e-02 -9.35199890e+01]
 [-1.25377983e-01  9.90636528e-01 -5.40325344e-02 -8.15031891e+01]
 [ 4.80046198e-02  6.04561269e-02  9.97015834e-01 -1.20744064e+02]
 [ 0.00000000e+00  0.00000000e+00  0.00000000e+00  1.00000000e+00]]
2024-10-25 16:25:13,053 - INFO - Generated mask: shape=(176, 256, 256), affine=
[[ 9.90944207e-01  1.22410357e-01 -5.51351495e-02 -9.35199890e+01]
 [-1.25377983e-01  9.90636528e-01 -5.40325344e-02 -8.15031891e+01]
 [ 4.80046198e-02  6.04561269e-02  9.97015834e-01 -1.20744064e+02]
 [ 0.00000000e+00  0.00000000e+00  0.00000000e+00  1.00000000e+00]]
2024-10-25 16:26:17,583 - INFO - Cleaned data: shape=(176, 256, 256, 184), min=-10.230112075805664, max=10.019224166870117, mean=1.4714355268616177e-12
2024-10-25 16:26:17,635 - INFO - Memory usage after after loading and cleaning run: 68892.20 MB
2024-10-25 16:26:18,358 - INFO - Loading run 3 from /lab_data/behrmannlab/vlad/hemispace/sub-107/ses-01/derivatives/fsl/loc/run-03/1stLevel.feat/filtered_func_data_reg.nii.gz
2024-10-25 16:26:18,493 - INFO - Functional image: shape=(176, 256, 256, 184), affine=
[[ 9.90944207e-01  1.22410357e-01 -5.51351495e-02 -9.35199890e+01]
 [-1.25377983e-01  9.90636528e-01 -5.40325344e-02 -8.15031891e+01]
 [ 4.80046198e-02  6.04561269e-02  9.97015834e-01 -1.20744064e+02]
 [ 0.00000000e+00  0.00000000e+00  0.00000000e+00  1.00000000e+00]]
2024-10-25 16:27:07,566 - INFO - Generated mask: shape=(176, 256, 256), affine=
[[ 9.90944207e-01  1.22410357e-01 -5.51351495e-02 -9.35199890e+01]
 [-1.25377983e-01  9.90636528e-01 -5.40325344e-02 -8.15031891e+01]
 [ 4.80046198e-02  6.04561269e-02  9.97015834e-01 -1.20744064e+02]
 [ 0.00000000e+00  0.00000000e+00  0.00000000e+00  1.00000000e+00]]
2024-10-25 16:28:15,878 - INFO - Cleaned data: shape=(176, 256, 256, 184), min=-8.670963287353516, max=9.924726486206055, mean=-5.4842180920759536e-14
2024-10-25 16:28:15,930 - INFO - Memory usage after after loading and cleaning run: 68892.20 MB
2024-10-25 16:28:53,258 - INFO - Concatenated data shape: (176, 256, 256, 368)
2024-10-25 16:28:53,964 - INFO - Memory usage after after concatenating runs: 85084.20 MB
2024-10-25 16:33:55,449 - INFO - Creating Searchlight object for LO left...
2024-10-25 16:33:55,522 - INFO - Searchlight object created.
2024-10-25 16:33:55,522 - INFO - Distributing data...
2024-10-25 16:35:13,293 - INFO - Data distribution completed.
2024-10-25 16:35:13,294 - INFO - Broadcasting LO time series and psychological covariate...
2024-10-25 16:35:13,294 - INFO - Broadcasting completed.
2024-10-25 16:35:13,294 - INFO - Starting searchlight analysis...
2024-10-25 21:55:39,506 - INFO - Searchlight analysis completed.
2024-10-25 21:55:39,507 - INFO - Memory usage after after searchlight: 85948.83 MB
2024-10-25 21:55:41,937 - INFO - Saved searchlight result to /lab_data/behrmannlab/vlad/ptoc/sub-107/ses-01//derivatives/gca/searchlight_result_object_runs23_LO_left.nii.gz
2024-10-25 21:55:44,698 - INFO - Processing LO right for run combination [1, 2] for subject sub-107
2024-10-25 21:55:44,699 - INFO - Loading run 1 from /lab_data/behrmannlab/vlad/hemispace/sub-107/ses-01/derivatives/fsl/loc/run-01/1stLevel.feat/filtered_func_data_reg.nii.gz
2024-10-25 21:55:44,826 - INFO - Functional image: shape=(176, 256, 256, 184), affine=
[[ 9.90944207e-01  1.22410357e-01 -5.51351495e-02 -9.35199890e+01]
 [-1.25377983e-01  9.90636528e-01 -5.40325344e-02 -8.15031891e+01]
 [ 4.80046198e-02  6.04561269e-02  9.97015834e-01 -1.20744064e+02]
 [ 0.00000000e+00  0.00000000e+00  0.00000000e+00  1.00000000e+00]]
2024-10-25 21:56:34,410 - INFO - Generated mask: shape=(176, 256, 256), affine=
[[ 9.90944207e-01  1.22410357e-01 -5.51351495e-02 -9.35199890e+01]
 [-1.25377983e-01  9.90636528e-01 -5.40325344e-02 -8.15031891e+01]
 [ 4.80046198e-02  6.04561269e-02  9.97015834e-01 -1.20744064e+02]
 [ 0.00000000e+00  0.00000000e+00  0.00000000e+00  1.00000000e+00]]
2024-10-25 21:57:38,111 - INFO - Cleaned data: shape=(176, 256, 256, 184), min=-8.130642890930176, max=10.605079650878906, mean=1.8769336951517634e-12
2024-10-25 21:57:38,163 - INFO - Memory usage after after loading and cleaning run: 68899.06 MB
2024-10-25 21:57:39,042 - INFO - Loading run 2 from /lab_data/behrmannlab/vlad/hemispace/sub-107/ses-01/derivatives/fsl/loc/run-02/1stLevel.feat/filtered_func_data_reg.nii.gz
2024-10-25 21:57:39,049 - INFO - Functional image: shape=(176, 256, 256, 184), affine=
[[ 9.90944207e-01  1.22410357e-01 -5.51351495e-02 -9.35199890e+01]
 [-1.25377983e-01  9.90636528e-01 -5.40325344e-02 -8.15031891e+01]
 [ 4.80046198e-02  6.04561269e-02  9.97015834e-01 -1.20744064e+02]
 [ 0.00000000e+00  0.00000000e+00  0.00000000e+00  1.00000000e+00]]
2024-10-25 21:58:28,106 - INFO - Generated mask: shape=(176, 256, 256), affine=
[[ 9.90944207e-01  1.22410357e-01 -5.51351495e-02 -9.35199890e+01]
 [-1.25377983e-01  9.90636528e-01 -5.40325344e-02 -8.15031891e+01]
 [ 4.80046198e-02  6.04561269e-02  9.97015834e-01 -1.20744064e+02]
 [ 0.00000000e+00  0.00000000e+00  0.00000000e+00  1.00000000e+00]]
2024-10-25 21:59:35,992 - INFO - Cleaned data: shape=(176, 256, 256, 184), min=-10.230112075805664, max=10.019224166870117, mean=1.4714355268616177e-12
2024-10-25 21:59:36,044 - INFO - Memory usage after after loading and cleaning run: 68899.06 MB
2024-10-25 22:00:14,934 - INFO - Concatenated data shape: (176, 256, 256, 368)
2024-10-25 22:00:15,639 - INFO - Memory usage after after concatenating runs: 85091.06 MB
2024-10-25 22:05:22,945 - INFO - Creating Searchlight object for LO right...
2024-10-25 22:05:22,957 - INFO - Searchlight object created.
2024-10-25 22:05:22,957 - INFO - Distributing data...
2024-10-25 22:06:38,020 - INFO - Data distribution completed.
2024-10-25 22:06:38,021 - INFO - Broadcasting LO time series and psychological covariate...
2024-10-25 22:06:38,021 - INFO - Broadcasting completed.
2024-10-25 22:06:38,021 - INFO - Starting searchlight analysis...
2024-10-26 03:25:27,287 - INFO - Searchlight analysis completed.
2024-10-26 03:25:27,289 - INFO - Memory usage after after searchlight: 85943.55 MB
2024-10-26 03:25:29,606 - INFO - Saved searchlight result to /lab_data/behrmannlab/vlad/ptoc/sub-107/ses-01//derivatives/gca/searchlight_result_object_runs12_LO_right.nii.gz
2024-10-26 03:25:32,439 - INFO - Processing LO right for run combination [1, 3] for subject sub-107
2024-10-26 03:25:32,462 - INFO - Loading run 1 from /lab_data/behrmannlab/vlad/hemispace/sub-107/ses-01/derivatives/fsl/loc/run-01/1stLevel.feat/filtered_func_data_reg.nii.gz
2024-10-26 03:25:32,681 - INFO - Functional image: shape=(176, 256, 256, 184), affine=
[[ 9.90944207e-01  1.22410357e-01 -5.51351495e-02 -9.35199890e+01]
 [-1.25377983e-01  9.90636528e-01 -5.40325344e-02 -8.15031891e+01]
 [ 4.80046198e-02  6.04561269e-02  9.97015834e-01 -1.20744064e+02]
 [ 0.00000000e+00  0.00000000e+00  0.00000000e+00  1.00000000e+00]]
2024-10-26 03:26:21,760 - INFO - Generated mask: shape=(176, 256, 256), affine=
[[ 9.90944207e-01  1.22410357e-01 -5.51351495e-02 -9.35199890e+01]
 [-1.25377983e-01  9.90636528e-01 -5.40325344e-02 -8.15031891e+01]
 [ 4.80046198e-02  6.04561269e-02  9.97015834e-01 -1.20744064e+02]
 [ 0.00000000e+00  0.00000000e+00  0.00000000e+00  1.00000000e+00]]
2024-10-26 03:27:21,329 - INFO - Cleaned data: shape=(176, 256, 256, 184), min=-8.130642890930176, max=10.605079650878906, mean=1.8769336951517634e-12
2024-10-26 03:27:21,381 - INFO - Memory usage after after loading and cleaning run: 68899.89 MB
2024-10-26 03:27:22,431 - INFO - Loading run 3 from /lab_data/behrmannlab/vlad/hemispace/sub-107/ses-01/derivatives/fsl/loc/run-03/1stLevel.feat/filtered_func_data_reg.nii.gz
2024-10-26 03:27:22,524 - INFO - Functional image: shape=(176, 256, 256, 184), affine=
[[ 9.90944207e-01  1.22410357e-01 -5.51351495e-02 -9.35199890e+01]
 [-1.25377983e-01  9.90636528e-01 -5.40325344e-02 -8.15031891e+01]
 [ 4.80046198e-02  6.04561269e-02  9.97015834e-01 -1.20744064e+02]
 [ 0.00000000e+00  0.00000000e+00  0.00000000e+00  1.00000000e+00]]
2024-10-26 03:28:11,036 - INFO - Generated mask: shape=(176, 256, 256), affine=
[[ 9.90944207e-01  1.22410357e-01 -5.51351495e-02 -9.35199890e+01]
 [-1.25377983e-01  9.90636528e-01 -5.40325344e-02 -8.15031891e+01]
 [ 4.80046198e-02  6.04561269e-02  9.97015834e-01 -1.20744064e+02]
 [ 0.00000000e+00  0.00000000e+00  0.00000000e+00  1.00000000e+00]]
2024-10-26 03:29:15,275 - INFO - Cleaned data: shape=(176, 256, 256, 184), min=-8.670963287353516, max=9.924726486206055, mean=-5.4842180920759536e-14
2024-10-26 03:29:15,345 - INFO - Memory usage after after loading and cleaning run: 68899.89 MB
2024-10-26 03:29:47,153 - INFO - Concatenated data shape: (176, 256, 256, 368)
2024-10-26 03:29:47,720 - INFO - Memory usage after after concatenating runs: 85091.89 MB
2024-10-26 03:34:46,040 - INFO - Creating Searchlight object for LO right...
2024-10-26 03:34:46,053 - INFO - Searchlight object created.
2024-10-26 03:34:46,053 - INFO - Distributing data...
2024-10-26 03:36:03,827 - INFO - Data distribution completed.
2024-10-26 03:36:03,828 - INFO - Broadcasting LO time series and psychological covariate...
2024-10-26 03:36:03,828 - INFO - Broadcasting completed.
2024-10-26 03:36:03,828 - INFO - Starting searchlight analysis...
2024-10-26 08:53:16,279 - INFO - Searchlight analysis completed.
2024-10-26 08:53:16,281 - INFO - Memory usage after after searchlight: 85950.06 MB
2024-10-26 08:53:18,570 - INFO - Saved searchlight result to /lab_data/behrmannlab/vlad/ptoc/sub-107/ses-01//derivatives/gca/searchlight_result_object_runs13_LO_right.nii.gz
2024-10-26 08:53:20,812 - INFO - Processing LO right for run combination [2, 3] for subject sub-107
2024-10-26 08:53:20,813 - INFO - Loading run 2 from /lab_data/behrmannlab/vlad/hemispace/sub-107/ses-01/derivatives/fsl/loc/run-02/1stLevel.feat/filtered_func_data_reg.nii.gz
2024-10-26 08:53:21,075 - INFO - Functional image: shape=(176, 256, 256, 184), affine=
[[ 9.90944207e-01  1.22410357e-01 -5.51351495e-02 -9.35199890e+01]
 [-1.25377983e-01  9.90636528e-01 -5.40325344e-02 -8.15031891e+01]
 [ 4.80046198e-02  6.04561269e-02  9.97015834e-01 -1.20744064e+02]
 [ 0.00000000e+00  0.00000000e+00  0.00000000e+00  1.00000000e+00]]
2024-10-26 08:54:10,017 - INFO - Generated mask: shape=(176, 256, 256), affine=
[[ 9.90944207e-01  1.22410357e-01 -5.51351495e-02 -9.35199890e+01]
 [-1.25377983e-01  9.90636528e-01 -5.40325344e-02 -8.15031891e+01]
 [ 4.80046198e-02  6.04561269e-02  9.97015834e-01 -1.20744064e+02]
 [ 0.00000000e+00  0.00000000e+00  0.00000000e+00  1.00000000e+00]]
2024-10-26 08:55:09,640 - INFO - Cleaned data: shape=(176, 256, 256, 184), min=-10.230112075805664, max=10.019224166870117, mean=1.4714355268616177e-12
2024-10-26 08:55:09,692 - INFO - Memory usage after after loading and cleaning run: 68899.64 MB
2024-10-26 08:55:10,847 - INFO - Loading run 3 from /lab_data/behrmannlab/vlad/hemispace/sub-107/ses-01/derivatives/fsl/loc/run-03/1stLevel.feat/filtered_func_data_reg.nii.gz
2024-10-26 08:55:10,955 - INFO - Functional image: shape=(176, 256, 256, 184), affine=
[[ 9.90944207e-01  1.22410357e-01 -5.51351495e-02 -9.35199890e+01]
 [-1.25377983e-01  9.90636528e-01 -5.40325344e-02 -8.15031891e+01]
 [ 4.80046198e-02  6.04561269e-02  9.97015834e-01 -1.20744064e+02]
 [ 0.00000000e+00  0.00000000e+00  0.00000000e+00  1.00000000e+00]]
2024-10-26 08:55:59,074 - INFO - Generated mask: shape=(176, 256, 256), affine=
[[ 9.90944207e-01  1.22410357e-01 -5.51351495e-02 -9.35199890e+01]
 [-1.25377983e-01  9.90636528e-01 -5.40325344e-02 -8.15031891e+01]
 [ 4.80046198e-02  6.04561269e-02  9.97015834e-01 -1.20744064e+02]
 [ 0.00000000e+00  0.00000000e+00  0.00000000e+00  1.00000000e+00]]
2024-10-26 08:57:03,019 - INFO - Cleaned data: shape=(176, 256, 256, 184), min=-8.670963287353516, max=9.924726486206055, mean=-5.4842180920759536e-14
2024-10-26 08:57:03,109 - INFO - Memory usage after after loading and cleaning run: 68899.64 MB
2024-10-26 08:57:34,649 - INFO - Concatenated data shape: (176, 256, 256, 368)
2024-10-26 08:57:35,185 - INFO - Memory usage after after concatenating runs: 85091.64 MB
2024-10-26 09:02:33,650 - INFO - Creating Searchlight object for LO right...
2024-10-26 09:02:33,666 - INFO - Searchlight object created.
2024-10-26 09:02:33,666 - INFO - Distributing data...
2024-10-26 09:03:51,854 - INFO - Data distribution completed.
2024-10-26 09:03:51,855 - INFO - Broadcasting LO time series and psychological covariate...
2024-10-26 09:03:51,855 - INFO - Broadcasting completed.
2024-10-26 09:03:51,855 - INFO - Starting searchlight analysis...
