Traceback (most recent call last):
  File "<string>", line 2, in <module>
ModuleNotFoundError: No module named 'brainiak.utils.fmriroi'
/home/csimmon2/anaconda3/envs/brainiak_env/lib/python3.7/site-packages/nilearn/__init__.py:67: FutureWarning: Python 3.7 support is deprecated and will be removed in release 0.12 of Nilearn. Consider switching to Python 3.9 or 3.10.
  _python_deprecation_warnings()
2024-12-19 09:18:35,042 - INFO - Running searchlight analysis with GCA for Tool localizer...
2024-12-19 09:18:35,119 - INFO - Memory usage after start of ROI/hemi iteration: 142.65 MB
2024-12-19 09:18:35,161 - INFO - Memory usage after start of run combination: 142.65 MB
2024-12-19 09:18:35,161 - INFO - Processing pIPS left for run combination [1, 2] for subject sub-spaceloc1004
2024-12-19 09:18:35,230 - INFO - Output file /lab_data/behrmannlab/vlad/ptoc/sub-spaceloc1004/ses-01//derivatives/gca/searchlight_result_tool_runs12_pIPS_left_1217.nii.gz already exists. Skipping this run.
2024-12-19 09:18:35,288 - INFO - Memory usage after start of run combination: 142.65 MB
2024-12-19 09:18:35,289 - INFO - Processing pIPS left for run combination [2, 1] for subject sub-spaceloc1004
2024-12-19 09:18:35,289 - INFO - Output file /lab_data/behrmannlab/vlad/ptoc/sub-spaceloc1004/ses-01//derivatives/gca/searchlight_result_tool_runs21_pIPS_left_1217.nii.gz already exists. Skipping this run.
2024-12-19 09:18:35,339 - INFO - Memory usage after start of ROI/hemi iteration: 142.65 MB
2024-12-19 09:18:35,381 - INFO - Memory usage after start of run combination: 142.65 MB
2024-12-19 09:18:35,382 - INFO - Processing pIPS right for run combination [1, 2] for subject sub-spaceloc1004
2024-12-19 09:18:35,382 - INFO - Output file /lab_data/behrmannlab/vlad/ptoc/sub-spaceloc1004/ses-01//derivatives/gca/searchlight_result_tool_runs12_pIPS_right_1217.nii.gz already exists. Skipping this run.
2024-12-19 09:18:35,423 - INFO - Memory usage after start of run combination: 142.65 MB
2024-12-19 09:18:35,424 - INFO - Processing pIPS right for run combination [2, 1] for subject sub-spaceloc1004
2024-12-19 09:18:35,424 - INFO - Output file /lab_data/behrmannlab/vlad/ptoc/sub-spaceloc1004/ses-01//derivatives/gca/searchlight_result_tool_runs21_pIPS_right_1217.nii.gz already exists. Skipping this run.
2024-12-19 09:18:35,465 - INFO - Memory usage after start of ROI/hemi iteration: 142.65 MB
2024-12-19 09:18:35,507 - INFO - Memory usage after start of run combination: 142.65 MB
2024-12-19 09:18:35,507 - INFO - Processing LO left for run combination [1, 2] for subject sub-spaceloc1004
2024-12-19 09:18:35,558 - INFO - Functional image: shape=(208, 240, 256, 341), affine=
[[ 9.99816656e-01 -1.42442789e-02 -1.27897514e-02 -1.00044151e+02]
 [ 1.52876880e-02  9.96214092e-01  8.55791494e-02 -1.04554688e+02]
 [ 1.15223164e-02 -8.57589915e-02  9.96249259e-01 -1.37633972e+02]
 [ 0.00000000e+00  0.00000000e+00  0.00000000e+00  1.00000000e+00]]
2024-12-19 09:19:53,837 - INFO - Generated mask: shape=(208, 240, 256), affine=
[[ 9.99816656e-01 -1.42442789e-02 -1.27897514e-02 -1.00044151e+02]
 [ 1.52876880e-02  9.96214092e-01  8.55791494e-02 -1.04554688e+02]
 [ 1.15223164e-02 -8.57589915e-02  9.96249259e-01 -1.37633972e+02]
 [ 0.00000000e+00  0.00000000e+00  0.00000000e+00  1.00000000e+00]]
2024-12-19 09:23:31,830 - INFO - Cleaned data: shape=(208, 240, 256, 341), min=-15.431136131286621, max=13.80940055847168, mean=-1.3051714238539273e-12
2024-12-19 09:23:32,878 - INFO - Memory usage after after loading and cleaning run: 33458.28 MB
2024-12-19 09:23:32,878 - INFO - Memory usage after after loading analysis run: 33458.28 MB
2024-12-19 09:28:56,987 - INFO - Memory usage after after ROI extraction: 33459.97 MB
2024-12-19 09:28:56,988 - INFO - Creating Searchlight object for LO left...
2024-12-19 09:28:56,989 - INFO - Searchlight object created.
2024-12-19 09:28:56,989 - INFO - Distributing data...
2024-12-19 09:30:59,315 - INFO - Memory usage after after data distribution: 36161.74 MB
2024-12-19 09:30:59,316 - INFO - Broadcasting LO time series and psychological covariate...
2024-12-19 09:30:59,316 - INFO - Broadcasting completed.
2024-12-19 09:30:59,316 - INFO - Starting searchlight analysis...
2024-12-19 13:46:06,193 - INFO - Searchlight analysis completed.
2024-12-19 13:46:06,194 - INFO - Memory usage after after searchlight: 37087.60 MB
2024-12-19 13:46:07,930 - INFO - Saved searchlight result to /lab_data/behrmannlab/vlad/ptoc/sub-spaceloc1004/ses-01//derivatives/gca/searchlight_result_tool_runs12_LO_left_1217.nii.gz
2024-12-19 13:46:08,888 - INFO - Memory usage after after cleanup: 20742.32 MB
2024-12-19 13:46:08,921 - INFO - Memory usage after start of run combination: 20742.32 MB
2024-12-19 13:46:08,921 - INFO - Processing LO left for run combination [2, 1] for subject sub-spaceloc1004
2024-12-19 13:46:08,980 - INFO - Functional image: shape=(208, 240, 256, 341), affine=
[[ 9.99816656e-01 -1.42442789e-02 -1.27897514e-02 -1.00044151e+02]
 [ 1.52876880e-02  9.96214092e-01  8.55791494e-02 -1.04554688e+02]
 [ 1.15223164e-02 -8.57589915e-02  9.96249259e-01 -1.37633972e+02]
 [ 0.00000000e+00  0.00000000e+00  0.00000000e+00  1.00000000e+00]]
2024-12-19 13:47:42,709 - INFO - Generated mask: shape=(208, 240, 256), affine=
[[ 9.99816656e-01 -1.42442789e-02 -1.27897514e-02 -1.00044151e+02]
 [ 1.52876880e-02  9.96214092e-01  8.55791494e-02 -1.04554688e+02]
 [ 1.15223164e-02 -8.57589915e-02  9.96249259e-01 -1.37633972e+02]
 [ 0.00000000e+00  0.00000000e+00  0.00000000e+00  1.00000000e+00]]
2024-12-19 13:51:57,348 - INFO - Cleaned data: shape=(208, 240, 256, 341), min=-11.062562942504883, max=13.917350769042969, mean=2.3787038834882655e-13
2024-12-19 13:51:57,740 - INFO - Memory usage after after loading and cleaning run: 53989.82 MB
2024-12-19 13:51:57,740 - INFO - Memory usage after after loading analysis run: 53989.82 MB
/var/spool/slurmd/job2071280/slurm_script: line 32: 20395 Killed                  python /user_data/csimmon2/git_repos/ptoc/tools/gca/gca_searchlight_tools.py sub-spaceloc1004
