Traceback (most recent call last):
  File "<string>", line 2, in <module>
ModuleNotFoundError: No module named 'brainiak.utils.fmriroi'
/home/csimmon2/anaconda3/envs/brainiak_env/lib/python3.7/site-packages/nilearn/__init__.py:67: FutureWarning: Python 3.7 support is deprecated and will be removed in release 0.12 of Nilearn. Consider switching to Python 3.9 or 3.10.
  _python_deprecation_warnings()
2025-01-08 21:36:58,802 - INFO - Running searchlight analysis with GCA for nontool localizer...
2025-01-08 21:36:58,898 - INFO - Memory usage after start of ROI/hemi iteration: 142.31 MB
2025-01-08 21:36:58,936 - INFO - Memory usage after start of run combination: 142.31 MB
2025-01-08 21:36:58,936 - INFO - Processing pIPS left for run combination [1, 2] for subject sub-spaceloc2014
2025-01-08 21:36:59,131 - INFO - Functional image: shape=(208, 240, 256, 341), affine=
[[ 9.99893308e-01  9.16482415e-03  1.15016270e-02 -1.07700768e+02]
 [-1.25829084e-02  9.37968910e-01  3.46490949e-01 -1.38970154e+02]
 [-7.61265075e-03 -3.46598208e-01  9.37982798e-01 -8.45175552e+01]
 [ 0.00000000e+00  0.00000000e+00  0.00000000e+00  1.00000000e+00]]
2025-01-08 21:38:20,781 - INFO - Generated mask: shape=(208, 240, 256), affine=
[[ 9.99893308e-01  9.16482415e-03  1.15016270e-02 -1.07700768e+02]
 [-1.25829084e-02  9.37968910e-01  3.46490949e-01 -1.38970154e+02]
 [-7.61265075e-03 -3.46598208e-01  9.37982798e-01 -8.45175552e+01]
 [ 0.00000000e+00  0.00000000e+00  0.00000000e+00  1.00000000e+00]]
2025-01-08 21:40:31,639 - INFO - Cleaned data: shape=(208, 240, 256, 341), min=-14.57678508758545, max=16.735490798950195, mean=-1.1522005939181782e-12
2025-01-08 21:40:31,758 - INFO - Memory usage after after loading and cleaning run: 33459.36 MB
2025-01-08 21:40:31,759 - INFO - Memory usage after after loading analysis run: 33459.36 MB
2025-01-08 21:45:55,942 - INFO - Memory usage after after ROI extraction: 33460.93 MB
2025-01-08 21:45:55,942 - INFO - Creating Searchlight object for pIPS left...
2025-01-08 21:45:55,944 - INFO - Searchlight object created.
2025-01-08 21:45:55,944 - INFO - Distributing data...
2025-01-08 21:47:49,893 - INFO - Memory usage after after data distribution: 37147.31 MB
2025-01-08 21:47:49,893 - INFO - Broadcasting pIPS time series and psychological covariate...
2025-01-08 21:47:49,893 - INFO - Broadcasting completed.
2025-01-08 21:47:49,893 - INFO - Starting searchlight analysis...
2025-01-09 02:25:11,208 - INFO - Searchlight analysis completed.
2025-01-09 02:25:11,209 - INFO - Memory usage after after searchlight: 38108.54 MB
2025-01-09 02:25:13,086 - INFO - Saved searchlight result to /lab_data/behrmannlab/vlad/ptoc/sub-spaceloc2014/ses-01//derivatives/gca/searchlight_result_nontool_runs12_pIPS_left_1217.nii.gz
2025-01-09 02:25:13,838 - INFO - Memory usage after after cleanup: 21214.15 MB
2025-01-09 02:25:13,870 - INFO - Memory usage after start of run combination: 21214.15 MB
2025-01-09 02:25:13,870 - INFO - Processing pIPS left for run combination [2, 1] for subject sub-spaceloc2014
2025-01-09 02:25:14,131 - INFO - Functional image: shape=(208, 240, 256, 341), affine=
[[ 9.99893308e-01  9.16482415e-03  1.15016270e-02 -1.07700768e+02]
 [-1.25829084e-02  9.37968910e-01  3.46490949e-01 -1.38970154e+02]
 [-7.61265075e-03 -3.46598208e-01  9.37982798e-01 -8.45175552e+01]
 [ 0.00000000e+00  0.00000000e+00  0.00000000e+00  1.00000000e+00]]
2025-01-09 02:26:34,760 - INFO - Generated mask: shape=(208, 240, 256), affine=
[[ 9.99893308e-01  9.16482415e-03  1.15016270e-02 -1.07700768e+02]
 [-1.25829084e-02  9.37968910e-01  3.46490949e-01 -1.38970154e+02]
 [-7.61265075e-03 -3.46598208e-01  9.37982798e-01 -8.45175552e+01]
 [ 0.00000000e+00  0.00000000e+00  0.00000000e+00  1.00000000e+00]]
2025-01-09 02:28:45,574 - INFO - Cleaned data: shape=(208, 240, 256, 341), min=-14.824690818786621, max=14.479635238647461, mean=-1.7562539048690441e-12
2025-01-09 02:28:45,665 - INFO - Memory usage after after loading and cleaning run: 54468.55 MB
2025-01-09 02:28:45,665 - INFO - Memory usage after after loading analysis run: 54468.55 MB
2025-01-09 02:34:12,002 - INFO - Memory usage after after ROI extraction: 54468.55 MB
2025-01-09 02:34:12,002 - INFO - Creating Searchlight object for pIPS left...
2025-01-09 02:34:12,004 - INFO - Searchlight object created.
2025-01-09 02:34:12,004 - INFO - Distributing data...
2025-01-09 02:35:47,953 - INFO - Memory usage after after data distribution: 36359.91 MB
2025-01-09 02:35:47,953 - INFO - Broadcasting pIPS time series and psychological covariate...
2025-01-09 02:35:47,954 - INFO - Broadcasting completed.
2025-01-09 02:35:47,954 - INFO - Starting searchlight analysis...
2025-01-09 07:05:33,189 - INFO - Searchlight analysis completed.
2025-01-09 07:05:33,190 - INFO - Memory usage after after searchlight: 37288.32 MB
2025-01-09 07:05:35,050 - INFO - Saved searchlight result to /lab_data/behrmannlab/vlad/ptoc/sub-spaceloc2014/ses-01//derivatives/gca/searchlight_result_nontool_runs21_pIPS_left_1217.nii.gz
2025-01-09 07:05:35,811 - INFO - Memory usage after after cleanup: 21197.32 MB
2025-01-09 07:05:35,842 - INFO - Memory usage after start of ROI/hemi iteration: 21197.32 MB
2025-01-09 07:05:35,869 - INFO - Memory usage after start of run combination: 21197.32 MB
2025-01-09 07:05:35,869 - INFO - Processing pIPS right for run combination [1, 2] for subject sub-spaceloc2014
2025-01-09 07:05:36,243 - INFO - Functional image: shape=(208, 240, 256, 341), affine=
[[ 9.99893308e-01  9.16482415e-03  1.15016270e-02 -1.07700768e+02]
 [-1.25829084e-02  9.37968910e-01  3.46490949e-01 -1.38970154e+02]
 [-7.61265075e-03 -3.46598208e-01  9.37982798e-01 -8.45175552e+01]
 [ 0.00000000e+00  0.00000000e+00  0.00000000e+00  1.00000000e+00]]
2025-01-09 07:06:53,304 - INFO - Generated mask: shape=(208, 240, 256), affine=
[[ 9.99893308e-01  9.16482415e-03  1.15016270e-02 -1.07700768e+02]
 [-1.25829084e-02  9.37968910e-01  3.46490949e-01 -1.38970154e+02]
 [-7.61265075e-03 -3.46598208e-01  9.37982798e-01 -8.45175552e+01]
 [ 0.00000000e+00  0.00000000e+00  0.00000000e+00  1.00000000e+00]]
2025-01-09 07:08:58,564 - INFO - Cleaned data: shape=(208, 240, 256, 341), min=-14.57678508758545, max=16.735490798950195, mean=-1.1522005939181782e-12
2025-01-09 07:08:58,627 - INFO - Memory usage after after loading and cleaning run: 54444.82 MB
2025-01-09 07:08:58,627 - INFO - Memory usage after after loading analysis run: 54444.82 MB
2025-01-09 07:14:01,555 - INFO - Memory usage after after ROI extraction: 54444.57 MB
2025-01-09 07:14:01,555 - INFO - Creating Searchlight object for pIPS right...
2025-01-09 07:14:01,557 - INFO - Searchlight object created.
2025-01-09 07:14:01,557 - INFO - Distributing data...
2025-01-09 07:15:36,762 - INFO - Memory usage after after data distribution: 37159.52 MB
2025-01-09 07:15:36,762 - INFO - Broadcasting pIPS time series and psychological covariate...
2025-01-09 07:15:36,762 - INFO - Broadcasting completed.
2025-01-09 07:15:36,762 - INFO - Starting searchlight analysis...
2025-01-09 11:55:42,331 - INFO - Searchlight analysis completed.
2025-01-09 11:55:42,332 - INFO - Memory usage after after searchlight: 38120.05 MB
2025-01-09 11:55:44,383 - INFO - Saved searchlight result to /lab_data/behrmannlab/vlad/ptoc/sub-spaceloc2014/ses-01//derivatives/gca/searchlight_result_nontool_runs12_pIPS_right_1217.nii.gz
2025-01-09 11:55:45,122 - INFO - Memory usage after after cleanup: 21226.12 MB
2025-01-09 11:55:45,153 - INFO - Memory usage after start of run combination: 21226.12 MB
2025-01-09 11:55:45,153 - INFO - Processing pIPS right for run combination [2, 1] for subject sub-spaceloc2014
2025-01-09 11:55:45,368 - INFO - Functional image: shape=(208, 240, 256, 341), affine=
[[ 9.99893308e-01  9.16482415e-03  1.15016270e-02 -1.07700768e+02]
 [-1.25829084e-02  9.37968910e-01  3.46490949e-01 -1.38970154e+02]
 [-7.61265075e-03 -3.46598208e-01  9.37982798e-01 -8.45175552e+01]
 [ 0.00000000e+00  0.00000000e+00  0.00000000e+00  1.00000000e+00]]
2025-01-09 11:57:02,092 - INFO - Generated mask: shape=(208, 240, 256), affine=
[[ 9.99893308e-01  9.16482415e-03  1.15016270e-02 -1.07700768e+02]
 [-1.25829084e-02  9.37968910e-01  3.46490949e-01 -1.38970154e+02]
 [-7.61265075e-03 -3.46598208e-01  9.37982798e-01 -8.45175552e+01]
 [ 0.00000000e+00  0.00000000e+00  0.00000000e+00  1.00000000e+00]]
2025-01-09 11:59:05,678 - INFO - Cleaned data: shape=(208, 240, 256, 341), min=-14.824690818786621, max=14.479635238647461, mean=-1.7562539048690441e-12
2025-01-09 11:59:05,740 - INFO - Memory usage after after loading and cleaning run: 54473.63 MB
2025-01-09 11:59:05,740 - INFO - Memory usage after after loading analysis run: 54473.63 MB
2025-01-09 12:04:06,641 - INFO - Memory usage after after ROI extraction: 54473.38 MB
2025-01-09 12:04:06,641 - INFO - Creating Searchlight object for pIPS right...
2025-01-09 12:04:06,643 - INFO - Searchlight object created.
2025-01-09 12:04:06,643 - INFO - Distributing data...
2025-01-09 12:05:38,039 - INFO - Memory usage after after data distribution: 36360.15 MB
2025-01-09 12:05:38,039 - INFO - Broadcasting pIPS time series and psychological covariate...
2025-01-09 12:05:38,039 - INFO - Broadcasting completed.
2025-01-09 12:05:38,039 - INFO - Starting searchlight analysis...
2025-01-09 16:34:59,373 - INFO - Searchlight analysis completed.
2025-01-09 16:34:59,374 - INFO - Memory usage after after searchlight: 37288.49 MB
2025-01-09 16:35:01,421 - INFO - Saved searchlight result to /lab_data/behrmannlab/vlad/ptoc/sub-spaceloc2014/ses-01//derivatives/gca/searchlight_result_nontool_runs21_pIPS_right_1217.nii.gz
2025-01-09 16:35:02,186 - INFO - Memory usage after after cleanup: 21197.82 MB
2025-01-09 16:35:02,219 - INFO - Memory usage after start of ROI/hemi iteration: 21197.82 MB
2025-01-09 16:35:02,253 - INFO - Memory usage after start of run combination: 21197.82 MB
2025-01-09 16:35:02,253 - INFO - Processing LO left for run combination [1, 2] for subject sub-spaceloc2014
2025-01-09 16:35:02,574 - INFO - Functional image: shape=(208, 240, 256, 341), affine=
[[ 9.99893308e-01  9.16482415e-03  1.15016270e-02 -1.07700768e+02]
 [-1.25829084e-02  9.37968910e-01  3.46490949e-01 -1.38970154e+02]
 [-7.61265075e-03 -3.46598208e-01  9.37982798e-01 -8.45175552e+01]
 [ 0.00000000e+00  0.00000000e+00  0.00000000e+00  1.00000000e+00]]
2025-01-09 16:36:18,311 - INFO - Generated mask: shape=(208, 240, 256), affine=
[[ 9.99893308e-01  9.16482415e-03  1.15016270e-02 -1.07700768e+02]
 [-1.25829084e-02  9.37968910e-01  3.46490949e-01 -1.38970154e+02]
 [-7.61265075e-03 -3.46598208e-01  9.37982798e-01 -8.45175552e+01]
 [ 0.00000000e+00  0.00000000e+00  0.00000000e+00  1.00000000e+00]]
2025-01-09 16:38:23,589 - INFO - Cleaned data: shape=(208, 240, 256, 341), min=-14.57678508758545, max=16.735490798950195, mean=-1.1522005939181782e-12
2025-01-09 16:38:23,652 - INFO - Memory usage after after loading and cleaning run: 54445.07 MB
2025-01-09 16:38:23,652 - INFO - Memory usage after after loading analysis run: 54445.07 MB
2025-01-09 16:43:23,760 - INFO - Memory usage after after ROI extraction: 54445.07 MB
2025-01-09 16:43:23,760 - INFO - Creating Searchlight object for LO left...
2025-01-09 16:43:23,762 - INFO - Searchlight object created.
2025-01-09 16:43:23,762 - INFO - Distributing data...
2025-01-09 16:44:58,225 - INFO - Memory usage after after data distribution: 37167.11 MB
2025-01-09 16:44:58,225 - INFO - Broadcasting LO time series and psychological covariate...
2025-01-09 16:44:58,226 - INFO - Broadcasting completed.
2025-01-09 16:44:58,226 - INFO - Starting searchlight analysis...
2025-01-09 21:24:13,200 - INFO - Searchlight analysis completed.
2025-01-09 21:24:13,201 - INFO - Memory usage after after searchlight: 38127.64 MB
2025-01-09 21:24:21,412 - INFO - Saved searchlight result to /lab_data/behrmannlab/vlad/ptoc/sub-spaceloc2014/ses-01//derivatives/gca/searchlight_result_nontool_runs12_LO_left_1217.nii.gz
2025-01-09 21:24:22,174 - INFO - Memory usage after after cleanup: 21255.18 MB
2025-01-09 21:24:22,205 - INFO - Memory usage after start of run combination: 21255.18 MB
2025-01-09 21:24:22,205 - INFO - Processing LO left for run combination [2, 1] for subject sub-spaceloc2014
2025-01-09 21:24:24,482 - INFO - Functional image: shape=(208, 240, 256, 341), affine=
[[ 9.99893308e-01  9.16482415e-03  1.15016270e-02 -1.07700768e+02]
 [-1.25829084e-02  9.37968910e-01  3.46490949e-01 -1.38970154e+02]
 [-7.61265075e-03 -3.46598208e-01  9.37982798e-01 -8.45175552e+01]
 [ 0.00000000e+00  0.00000000e+00  0.00000000e+00  1.00000000e+00]]
2025-01-09 21:25:42,081 - INFO - Generated mask: shape=(208, 240, 256), affine=
[[ 9.99893308e-01  9.16482415e-03  1.15016270e-02 -1.07700768e+02]
 [-1.25829084e-02  9.37968910e-01  3.46490949e-01 -1.38970154e+02]
 [-7.61265075e-03 -3.46598208e-01  9.37982798e-01 -8.45175552e+01]
 [ 0.00000000e+00  0.00000000e+00  0.00000000e+00  1.00000000e+00]]
2025-01-09 21:27:45,638 - INFO - Cleaned data: shape=(208, 240, 256, 341), min=-14.824690818786621, max=14.479635238647461, mean=-1.7562539048690441e-12
2025-01-09 21:27:45,700 - INFO - Memory usage after after loading and cleaning run: 54502.69 MB
2025-01-09 21:27:45,701 - INFO - Memory usage after after loading analysis run: 54502.69 MB
2025-01-09 21:32:45,563 - INFO - Memory usage after after ROI extraction: 54502.44 MB
2025-01-09 21:32:45,563 - INFO - Creating Searchlight object for LO left...
2025-01-09 21:32:45,565 - INFO - Searchlight object created.
2025-01-09 21:32:45,565 - INFO - Distributing data...
2025-01-09 21:34:16,815 - INFO - Memory usage after after data distribution: 36367.79 MB
2025-01-09 21:34:16,815 - INFO - Broadcasting LO time series and psychological covariate...
2025-01-09 21:34:16,815 - INFO - Broadcasting completed.
2025-01-09 21:34:16,815 - INFO - Starting searchlight analysis...
2025-01-10 02:04:19,853 - INFO - Searchlight analysis completed.
2025-01-10 02:04:19,854 - INFO - Memory usage after after searchlight: 37296.13 MB
2025-01-10 02:04:29,225 - INFO - Saved searchlight result to /lab_data/behrmannlab/vlad/ptoc/sub-spaceloc2014/ses-01//derivatives/gca/searchlight_result_nontool_runs21_LO_left_1217.nii.gz
2025-01-10 02:04:29,983 - INFO - Memory usage after after cleanup: 21198.32 MB
2025-01-10 02:04:30,014 - INFO - Memory usage after start of ROI/hemi iteration: 21198.32 MB
2025-01-10 02:04:30,041 - INFO - Memory usage after start of run combination: 21198.32 MB
2025-01-10 02:04:30,041 - INFO - Processing LO right for run combination [1, 2] for subject sub-spaceloc2014
2025-01-10 02:04:30,419 - INFO - Functional image: shape=(208, 240, 256, 341), affine=
[[ 9.99893308e-01  9.16482415e-03  1.15016270e-02 -1.07700768e+02]
 [-1.25829084e-02  9.37968910e-01  3.46490949e-01 -1.38970154e+02]
 [-7.61265075e-03 -3.46598208e-01  9.37982798e-01 -8.45175552e+01]
 [ 0.00000000e+00  0.00000000e+00  0.00000000e+00  1.00000000e+00]]
2025-01-10 02:05:46,975 - INFO - Generated mask: shape=(208, 240, 256), affine=
[[ 9.99893308e-01  9.16482415e-03  1.15016270e-02 -1.07700768e+02]
 [-1.25829084e-02  9.37968910e-01  3.46490949e-01 -1.38970154e+02]
 [-7.61265075e-03 -3.46598208e-01  9.37982798e-01 -8.45175552e+01]
 [ 0.00000000e+00  0.00000000e+00  0.00000000e+00  1.00000000e+00]]
2025-01-10 02:07:51,706 - INFO - Cleaned data: shape=(208, 240, 256, 341), min=-14.57678508758545, max=16.735490798950195, mean=-1.1522005939181782e-12
2025-01-10 02:07:51,769 - INFO - Memory usage after after loading and cleaning run: 54445.82 MB
2025-01-10 02:07:51,769 - INFO - Memory usage after after loading analysis run: 54445.82 MB
2025-01-10 02:12:53,397 - INFO - Memory usage after after ROI extraction: 54445.57 MB
2025-01-10 02:12:53,397 - INFO - Creating Searchlight object for LO right...
2025-01-10 02:12:53,399 - INFO - Searchlight object created.
2025-01-10 02:12:53,399 - INFO - Distributing data...
2025-01-10 02:14:28,127 - INFO - Memory usage after after data distribution: 37160.28 MB
2025-01-10 02:14:28,127 - INFO - Broadcasting LO time series and psychological covariate...
2025-01-10 02:14:28,127 - INFO - Broadcasting completed.
2025-01-10 02:14:28,127 - INFO - Starting searchlight analysis...
2025-01-10 06:54:03,023 - INFO - Searchlight analysis completed.
2025-01-10 06:54:03,025 - INFO - Memory usage after after searchlight: 38120.80 MB
2025-01-10 06:54:11,259 - INFO - Saved searchlight result to /lab_data/behrmannlab/vlad/ptoc/sub-spaceloc2014/ses-01//derivatives/gca/searchlight_result_nontool_runs12_LO_right_1217.nii.gz
2025-01-10 06:54:11,992 - INFO - Memory usage after after cleanup: 21227.12 MB
2025-01-10 06:54:12,023 - INFO - Memory usage after start of run combination: 21227.12 MB
2025-01-10 06:54:12,023 - INFO - Processing LO right for run combination [2, 1] for subject sub-spaceloc2014
2025-01-10 06:54:12,134 - INFO - Functional image: shape=(208, 240, 256, 341), affine=
[[ 9.99893308e-01  9.16482415e-03  1.15016270e-02 -1.07700768e+02]
 [-1.25829084e-02  9.37968910e-01  3.46490949e-01 -1.38970154e+02]
 [-7.61265075e-03 -3.46598208e-01  9.37982798e-01 -8.45175552e+01]
 [ 0.00000000e+00  0.00000000e+00  0.00000000e+00  1.00000000e+00]]
2025-01-10 06:55:28,781 - INFO - Generated mask: shape=(208, 240, 256), affine=
[[ 9.99893308e-01  9.16482415e-03  1.15016270e-02 -1.07700768e+02]
 [-1.25829084e-02  9.37968910e-01  3.46490949e-01 -1.38970154e+02]
 [-7.61265075e-03 -3.46598208e-01  9.37982798e-01 -8.45175552e+01]
 [ 0.00000000e+00  0.00000000e+00  0.00000000e+00  1.00000000e+00]]
2025-01-10 06:57:32,079 - INFO - Cleaned data: shape=(208, 240, 256, 341), min=-14.824690818786621, max=14.479635238647461, mean=-1.7562539048690441e-12
2025-01-10 06:57:32,142 - INFO - Memory usage after after loading and cleaning run: 54474.13 MB
2025-01-10 06:57:32,142 - INFO - Memory usage after after loading analysis run: 54474.13 MB
2025-01-10 07:02:33,168 - INFO - Memory usage after after ROI extraction: 54473.68 MB
2025-01-10 07:02:33,169 - INFO - Creating Searchlight object for LO right...
2025-01-10 07:02:33,172 - INFO - Searchlight object created.
2025-01-10 07:02:33,172 - INFO - Distributing data...
2025-01-10 07:04:00,227 - INFO - Memory usage after after data distribution: 36367.41 MB
2025-01-10 07:04:00,228 - INFO - Broadcasting LO time series and psychological covariate...
2025-01-10 07:04:00,228 - INFO - Broadcasting completed.
2025-01-10 07:04:00,228 - INFO - Starting searchlight analysis...
