Traceback (most recent call last):
  File "<string>", line 2, in <module>
ModuleNotFoundError: No module named 'brainiak.utils.fmriroi'
/home/csimmon2/anaconda3/envs/brainiak_env/lib/python3.7/site-packages/nilearn/__init__.py:67: FutureWarning: Python 3.7 support is deprecated and will be removed in release 0.12 of Nilearn. Consider switching to Python 3.9 or 3.10.
  _python_deprecation_warnings()
2024-12-12 20:09:02,237 - INFO - Running searchlight analysis with GCA for Tool localizer...
2024-12-12 20:09:02,246 - INFO - Processing pIPS left for run combination [1, 2] for subject sub-spaceloc1008
2024-12-12 20:09:02,456 - INFO - Functional image: shape=(208, 240, 256, 341), affine=
[[ 9.99923706e-01 -1.20523302e-02  1.02082896e-03 -1.01242714e+02]
 [ 1.17004784e-02  9.85215247e-01  1.70921028e-01 -1.15959427e+02]
 [-3.06572323e-03 -1.70896590e-01  9.85284209e-01 -1.26960068e+02]
 [ 0.00000000e+00  0.00000000e+00  0.00000000e+00  1.00000000e+00]]
2024-12-12 20:10:17,544 - INFO - Generated mask: shape=(208, 240, 256), affine=
[[ 9.99923706e-01 -1.20523302e-02  1.02082896e-03 -1.01242714e+02]
 [ 1.17004784e-02  9.85215247e-01  1.70921028e-01 -1.15959427e+02]
 [-3.06572323e-03 -1.70896590e-01  9.85284209e-01 -1.26960068e+02]
 [ 0.00000000e+00  0.00000000e+00  0.00000000e+00  1.00000000e+00]]
2024-12-12 20:12:19,703 - INFO - Cleaned data: shape=(208, 240, 256, 341), min=-14.800284385681152, max=17.15250587463379, mean=-1.076383059515136e-12
2024-12-12 20:12:19,909 - INFO - Memory usage after after loading and cleaning run: 33458.44 MB
2024-12-12 20:16:21,927 - INFO - Creating Searchlight object for pIPS left...
2024-12-12 20:16:21,929 - INFO - Searchlight object created.
2024-12-12 20:16:21,929 - INFO - Distributing data...
2024-12-12 20:17:42,735 - INFO - Data distribution completed.
2024-12-12 20:17:42,736 - INFO - Broadcasting pIPS time series and psychological covariate...
2024-12-12 20:17:42,736 - INFO - Broadcasting completed.
2024-12-12 20:17:42,736 - INFO - Starting searchlight analysis...
2024-12-13 00:48:22,821 - INFO - Searchlight analysis completed.
2024-12-13 00:48:22,822 - INFO - Memory usage after after searchlight: 70692.75 MB
2024-12-13 00:48:24,645 - INFO - Saved searchlight result to /lab_data/behrmannlab/vlad/ptoc/sub-spaceloc1008/ses-01//derivatives/gca/searchlight_result_tool_runs12_pIPS_left.nii.gz
2024-12-13 00:48:26,522 - INFO - Processing pIPS left for run combination [2, 1] for subject sub-spaceloc1008
2024-12-13 00:48:26,725 - INFO - Functional image: shape=(208, 240, 256, 341), affine=
[[ 9.99923706e-01 -1.20523302e-02  1.02082896e-03 -1.01242714e+02]
 [ 1.17004784e-02  9.85215247e-01  1.70921028e-01 -1.15959427e+02]
 [-3.06572323e-03 -1.70896590e-01  9.85284209e-01 -1.26960068e+02]
 [ 0.00000000e+00  0.00000000e+00  0.00000000e+00  1.00000000e+00]]
2024-12-13 00:49:45,219 - INFO - Generated mask: shape=(208, 240, 256), affine=
[[ 9.99923706e-01 -1.20523302e-02  1.02082896e-03 -1.01242714e+02]
 [ 1.17004784e-02  9.85215247e-01  1.70921028e-01 -1.15959427e+02]
 [-3.06572323e-03 -1.70896590e-01  9.85284209e-01 -1.26960068e+02]
 [ 0.00000000e+00  0.00000000e+00  0.00000000e+00  1.00000000e+00]]
2024-12-13 00:52:13,128 - INFO - Cleaned data: shape=(208, 240, 256, 341), min=-17.018646240234375, max=17.53875160217285, mean=-6.728187615454003e-14
2024-12-13 00:52:13,194 - INFO - Memory usage after after loading and cleaning run: 69769.92 MB
2024-12-13 00:56:24,374 - INFO - Creating Searchlight object for pIPS left...
2024-12-13 00:56:25,201 - INFO - Searchlight object created.
2024-12-13 00:56:25,202 - INFO - Distributing data...
2024-12-13 00:57:41,801 - INFO - Data distribution completed.
2024-12-13 00:57:41,802 - INFO - Broadcasting pIPS time series and psychological covariate...
2024-12-13 00:57:41,802 - INFO - Broadcasting completed.
2024-12-13 00:57:41,802 - INFO - Starting searchlight analysis...
2024-12-13 05:33:24,814 - INFO - Searchlight analysis completed.
2024-12-13 05:33:24,815 - INFO - Memory usage after after searchlight: 70879.09 MB
2024-12-13 05:33:26,696 - INFO - Saved searchlight result to /lab_data/behrmannlab/vlad/ptoc/sub-spaceloc1008/ses-01//derivatives/gca/searchlight_result_tool_runs21_pIPS_left.nii.gz
2024-12-13 05:33:28,460 - INFO - Processing pIPS right for run combination [1, 2] for subject sub-spaceloc1008
2024-12-13 05:33:28,657 - INFO - Functional image: shape=(208, 240, 256, 341), affine=
[[ 9.99923706e-01 -1.20523302e-02  1.02082896e-03 -1.01242714e+02]
 [ 1.17004784e-02  9.85215247e-01  1.70921028e-01 -1.15959427e+02]
 [-3.06572323e-03 -1.70896590e-01  9.85284209e-01 -1.26960068e+02]
 [ 0.00000000e+00  0.00000000e+00  0.00000000e+00  1.00000000e+00]]
2024-12-13 05:34:54,844 - INFO - Generated mask: shape=(208, 240, 256), affine=
[[ 9.99923706e-01 -1.20523302e-02  1.02082896e-03 -1.01242714e+02]
 [ 1.17004784e-02  9.85215247e-01  1.70921028e-01 -1.15959427e+02]
 [-3.06572323e-03 -1.70896590e-01  9.85284209e-01 -1.26960068e+02]
 [ 0.00000000e+00  0.00000000e+00  0.00000000e+00  1.00000000e+00]]
2024-12-13 05:37:09,383 - INFO - Cleaned data: shape=(208, 240, 256, 341), min=-14.800284385681152, max=17.15250587463379, mean=-1.076383059515136e-12
2024-12-13 05:37:09,983 - INFO - Memory usage after after loading and cleaning run: 70020.58 MB
2024-12-13 05:41:51,557 - INFO - Creating Searchlight object for pIPS right...
2024-12-13 05:41:52,516 - INFO - Searchlight object created.
2024-12-13 05:41:52,516 - INFO - Distributing data...
2024-12-13 05:43:11,374 - INFO - Data distribution completed.
2024-12-13 05:43:11,374 - INFO - Broadcasting pIPS time series and psychological covariate...
2024-12-13 05:43:11,374 - INFO - Broadcasting completed.
2024-12-13 05:43:11,375 - INFO - Starting searchlight analysis...
2024-12-13 10:14:05,452 - INFO - Searchlight analysis completed.
2024-12-13 10:14:05,453 - INFO - Memory usage after after searchlight: 70757.38 MB
2024-12-13 10:14:07,299 - INFO - Saved searchlight result to /lab_data/behrmannlab/vlad/ptoc/sub-spaceloc1008/ses-01//derivatives/gca/searchlight_result_tool_runs12_pIPS_right.nii.gz
2024-12-13 10:14:09,252 - INFO - Processing pIPS right for run combination [2, 1] for subject sub-spaceloc1008
2024-12-13 10:14:09,403 - INFO - Functional image: shape=(208, 240, 256, 341), affine=
[[ 9.99923706e-01 -1.20523302e-02  1.02082896e-03 -1.01242714e+02]
 [ 1.17004784e-02  9.85215247e-01  1.70921028e-01 -1.15959427e+02]
 [-3.06572323e-03 -1.70896590e-01  9.85284209e-01 -1.26960068e+02]
 [ 0.00000000e+00  0.00000000e+00  0.00000000e+00  1.00000000e+00]]
2024-12-13 10:15:35,755 - INFO - Generated mask: shape=(208, 240, 256), affine=
[[ 9.99923706e-01 -1.20523302e-02  1.02082896e-03 -1.01242714e+02]
 [ 1.17004784e-02  9.85215247e-01  1.70921028e-01 -1.15959427e+02]
 [-3.06572323e-03 -1.70896590e-01  9.85284209e-01 -1.26960068e+02]
 [ 0.00000000e+00  0.00000000e+00  0.00000000e+00  1.00000000e+00]]
2024-12-13 10:17:52,879 - INFO - Cleaned data: shape=(208, 240, 256, 341), min=-17.018646240234375, max=17.53875160217285, mean=-6.728187615454003e-14
2024-12-13 10:17:53,487 - INFO - Memory usage after after loading and cleaning run: 69829.98 MB
2024-12-13 10:22:20,259 - INFO - Creating Searchlight object for pIPS right...
2024-12-13 10:22:20,280 - INFO - Searchlight object created.
2024-12-13 10:22:20,280 - INFO - Distributing data...
2024-12-13 10:23:32,237 - INFO - Data distribution completed.
2024-12-13 10:23:32,237 - INFO - Broadcasting pIPS time series and psychological covariate...
2024-12-13 10:23:32,238 - INFO - Broadcasting completed.
2024-12-13 10:23:32,238 - INFO - Starting searchlight analysis...
2024-12-13 14:59:41,541 - INFO - Searchlight analysis completed.
2024-12-13 14:59:41,543 - INFO - Memory usage after after searchlight: 71080.75 MB
2024-12-13 14:59:43,447 - INFO - Saved searchlight result to /lab_data/behrmannlab/vlad/ptoc/sub-spaceloc1008/ses-01//derivatives/gca/searchlight_result_tool_runs21_pIPS_right.nii.gz
2024-12-13 14:59:45,298 - INFO - Processing LO left for run combination [1, 2] for subject sub-spaceloc1008
2024-12-13 14:59:45,456 - INFO - Functional image: shape=(208, 240, 256, 341), affine=
[[ 9.99923706e-01 -1.20523302e-02  1.02082896e-03 -1.01242714e+02]
 [ 1.17004784e-02  9.85215247e-01  1.70921028e-01 -1.15959427e+02]
 [-3.06572323e-03 -1.70896590e-01  9.85284209e-01 -1.26960068e+02]
 [ 0.00000000e+00  0.00000000e+00  0.00000000e+00  1.00000000e+00]]
2024-12-13 15:01:12,711 - INFO - Generated mask: shape=(208, 240, 256), affine=
[[ 9.99923706e-01 -1.20523302e-02  1.02082896e-03 -1.01242714e+02]
 [ 1.17004784e-02  9.85215247e-01  1.70921028e-01 -1.15959427e+02]
 [-3.06572323e-03 -1.70896590e-01  9.85284209e-01 -1.26960068e+02]
 [ 0.00000000e+00  0.00000000e+00  0.00000000e+00  1.00000000e+00]]
2024-12-13 15:04:01,792 - INFO - Cleaned data: shape=(208, 240, 256, 341), min=-14.800284385681152, max=17.15250587463379, mean=-1.076383059515136e-12
2024-12-13 15:04:02,494 - INFO - Memory usage after after loading and cleaning run: 70137.22 MB
2024-12-13 15:09:02,529 - INFO - Creating Searchlight object for LO left...
2024-12-13 15:09:02,542 - INFO - Searchlight object created.
2024-12-13 15:09:02,542 - INFO - Distributing data...
2024-12-13 15:10:12,920 - INFO - Data distribution completed.
2024-12-13 15:10:12,921 - INFO - Broadcasting LO time series and psychological covariate...
2024-12-13 15:10:12,921 - INFO - Broadcasting completed.
2024-12-13 15:10:12,921 - INFO - Starting searchlight analysis...
2024-12-13 19:47:13,849 - INFO - Searchlight analysis completed.
2024-12-13 19:47:13,851 - INFO - Memory usage after after searchlight: 70990.29 MB
2024-12-13 19:47:15,931 - INFO - Saved searchlight result to /lab_data/behrmannlab/vlad/ptoc/sub-spaceloc1008/ses-01//derivatives/gca/searchlight_result_tool_runs12_LO_left.nii.gz
2024-12-13 19:47:18,421 - INFO - Processing LO left for run combination [2, 1] for subject sub-spaceloc1008
2024-12-13 19:47:18,549 - INFO - Functional image: shape=(208, 240, 256, 341), affine=
[[ 9.99923706e-01 -1.20523302e-02  1.02082896e-03 -1.01242714e+02]
 [ 1.17004784e-02  9.85215247e-01  1.70921028e-01 -1.15959427e+02]
 [-3.06572323e-03 -1.70896590e-01  9.85284209e-01 -1.26960068e+02]
 [ 0.00000000e+00  0.00000000e+00  0.00000000e+00  1.00000000e+00]]
2024-12-13 19:48:47,385 - INFO - Generated mask: shape=(208, 240, 256), affine=
[[ 9.99923706e-01 -1.20523302e-02  1.02082896e-03 -1.01242714e+02]
 [ 1.17004784e-02  9.85215247e-01  1.70921028e-01 -1.15959427e+02]
 [-3.06572323e-03 -1.70896590e-01  9.85284209e-01 -1.26960068e+02]
 [ 0.00000000e+00  0.00000000e+00  0.00000000e+00  1.00000000e+00]]
2024-12-13 19:51:22,680 - INFO - Cleaned data: shape=(208, 240, 256, 341), min=-17.018646240234375, max=17.53875160217285, mean=-6.728187615454003e-14
2024-12-13 19:51:23,419 - INFO - Memory usage after after loading and cleaning run: 70061.16 MB
2024-12-13 19:56:31,705 - INFO - Creating Searchlight object for LO left...
2024-12-13 19:56:32,550 - INFO - Searchlight object created.
2024-12-13 19:56:32,550 - INFO - Distributing data...
2024-12-13 19:57:52,300 - INFO - Data distribution completed.
2024-12-13 19:57:52,301 - INFO - Broadcasting LO time series and psychological covariate...
2024-12-13 19:57:52,301 - INFO - Broadcasting completed.
2024-12-13 19:57:52,301 - INFO - Starting searchlight analysis...
2024-12-14 00:42:44,419 - INFO - Searchlight analysis completed.
2024-12-14 00:42:44,420 - INFO - Memory usage after after searchlight: 71083.36 MB
2024-12-14 00:42:46,337 - INFO - Saved searchlight result to /lab_data/behrmannlab/vlad/ptoc/sub-spaceloc1008/ses-01//derivatives/gca/searchlight_result_tool_runs21_LO_left.nii.gz
2024-12-14 00:42:48,893 - INFO - Processing LO right for run combination [1, 2] for subject sub-spaceloc1008
2024-12-14 00:42:49,086 - INFO - Functional image: shape=(208, 240, 256, 341), affine=
[[ 9.99923706e-01 -1.20523302e-02  1.02082896e-03 -1.01242714e+02]
 [ 1.17004784e-02  9.85215247e-01  1.70921028e-01 -1.15959427e+02]
 [-3.06572323e-03 -1.70896590e-01  9.85284209e-01 -1.26960068e+02]
 [ 0.00000000e+00  0.00000000e+00  0.00000000e+00  1.00000000e+00]]
2024-12-14 00:44:16,610 - INFO - Generated mask: shape=(208, 240, 256), affine=
[[ 9.99923706e-01 -1.20523302e-02  1.02082896e-03 -1.01242714e+02]
 [ 1.17004784e-02  9.85215247e-01  1.70921028e-01 -1.15959427e+02]
 [-3.06572323e-03 -1.70896590e-01  9.85284209e-01 -1.26960068e+02]
 [ 0.00000000e+00  0.00000000e+00  0.00000000e+00  1.00000000e+00]]
2024-12-14 00:46:43,833 - INFO - Cleaned data: shape=(208, 240, 256, 341), min=-14.800284385681152, max=17.15250587463379, mean=-1.076383059515136e-12
2024-12-14 00:46:44,476 - INFO - Memory usage after after loading and cleaning run: 70140.03 MB
2024-12-14 00:51:26,172 - INFO - Creating Searchlight object for LO right...
2024-12-14 00:51:26,189 - INFO - Searchlight object created.
2024-12-14 00:51:26,189 - INFO - Distributing data...
2024-12-14 00:52:40,883 - INFO - Data distribution completed.
2024-12-14 00:52:40,884 - INFO - Broadcasting LO time series and psychological covariate...
2024-12-14 00:52:40,884 - INFO - Broadcasting completed.
2024-12-14 00:52:40,884 - INFO - Starting searchlight analysis...
2024-12-14 05:33:15,521 - INFO - Searchlight analysis completed.
2024-12-14 05:33:15,523 - INFO - Memory usage after after searchlight: 71003.93 MB
2024-12-14 05:33:17,467 - INFO - Saved searchlight result to /lab_data/behrmannlab/vlad/ptoc/sub-spaceloc1008/ses-01//derivatives/gca/searchlight_result_tool_runs12_LO_right.nii.gz
2024-12-14 05:33:20,132 - INFO - Processing LO right for run combination [2, 1] for subject sub-spaceloc1008
2024-12-14 05:33:20,321 - INFO - Functional image: shape=(208, 240, 256, 341), affine=
[[ 9.99923706e-01 -1.20523302e-02  1.02082896e-03 -1.01242714e+02]
 [ 1.17004784e-02  9.85215247e-01  1.70921028e-01 -1.15959427e+02]
 [-3.06572323e-03 -1.70896590e-01  9.85284209e-01 -1.26960068e+02]
 [ 0.00000000e+00  0.00000000e+00  0.00000000e+00  1.00000000e+00]]
2024-12-14 05:34:48,607 - INFO - Generated mask: shape=(208, 240, 256), affine=
[[ 9.99923706e-01 -1.20523302e-02  1.02082896e-03 -1.01242714e+02]
 [ 1.17004784e-02  9.85215247e-01  1.70921028e-01 -1.15959427e+02]
 [-3.06572323e-03 -1.70896590e-01  9.85284209e-01 -1.26960068e+02]
 [ 0.00000000e+00  0.00000000e+00  0.00000000e+00  1.00000000e+00]]
2024-12-14 05:37:20,430 - INFO - Cleaned data: shape=(208, 240, 256, 341), min=-17.018646240234375, max=17.53875160217285, mean=-6.728187615454003e-14
2024-12-14 05:37:21,167 - INFO - Memory usage after after loading and cleaning run: 70074.89 MB
2024-12-14 05:42:21,208 - INFO - Creating Searchlight object for LO right...
2024-12-14 05:42:22,307 - INFO - Searchlight object created.
2024-12-14 05:42:22,307 - INFO - Distributing data...
2024-12-14 05:43:44,964 - INFO - Data distribution completed.
2024-12-14 05:43:44,964 - INFO - Broadcasting LO time series and psychological covariate...
2024-12-14 05:43:44,965 - INFO - Broadcasting completed.
2024-12-14 05:43:44,965 - INFO - Starting searchlight analysis...
2024-12-14 10:25:46,239 - INFO - Searchlight analysis completed.
2024-12-14 10:25:46,241 - INFO - Memory usage after after searchlight: 71086.39 MB
2024-12-14 10:25:48,136 - INFO - Saved searchlight result to /lab_data/behrmannlab/vlad/ptoc/sub-spaceloc1008/ses-01//derivatives/gca/searchlight_result_tool_runs21_LO_right.nii.gz
2024-12-14 10:25:50,246 - INFO - Completed searchlight analysis with GCA for all subjects
Processing subject: sub-spaceloc1008
