Traceback (most recent call last):
  File "<string>", line 2, in <module>
ModuleNotFoundError: No module named 'brainiak.utils.fmriroi'
/home/csimmon2/anaconda3/envs/brainiak_env/lib/python3.7/site-packages/nilearn/__init__.py:67: FutureWarning: Python 3.7 support is deprecated and will be removed in release 0.12 of Nilearn. Consider switching to Python 3.9 or 3.10.
  _python_deprecation_warnings()
2024-12-16 10:14:48,812 - INFO - Running searchlight analysis with GCA for Tool localizer...
2024-12-16 10:14:48,866 - INFO - Memory usage after start of ROI/hemi iteration: 142.45 MB
2024-12-16 10:14:48,904 - INFO - Memory usage after start of run combination: 142.45 MB
2024-12-16 10:14:48,904 - INFO - Processing pIPS left for run combination [1, 2] for subject sub-spaceloc2014
2024-12-16 10:14:48,909 - INFO - Output file /lab_data/behrmannlab/vlad/ptoc/sub-spaceloc2014/ses-01//derivatives/gca/searchlight_result_tool_runs12_pIPS_left.nii.gz already exists. Skipping this run.
2024-12-16 10:14:48,950 - INFO - Memory usage after start of run combination: 142.45 MB
2024-12-16 10:14:48,950 - INFO - Processing pIPS left for run combination [2, 1] for subject sub-spaceloc2014
2024-12-16 10:14:48,951 - INFO - Output file /lab_data/behrmannlab/vlad/ptoc/sub-spaceloc2014/ses-01//derivatives/gca/searchlight_result_tool_runs21_pIPS_left.nii.gz already exists. Skipping this run.
2024-12-16 10:14:48,992 - INFO - Memory usage after start of ROI/hemi iteration: 142.45 MB
2024-12-16 10:14:49,031 - INFO - Memory usage after start of run combination: 142.45 MB
2024-12-16 10:14:49,032 - INFO - Processing pIPS right for run combination [1, 2] for subject sub-spaceloc2014
2024-12-16 10:14:49,032 - INFO - Output file /lab_data/behrmannlab/vlad/ptoc/sub-spaceloc2014/ses-01//derivatives/gca/searchlight_result_tool_runs12_pIPS_right.nii.gz already exists. Skipping this run.
2024-12-16 10:14:49,069 - INFO - Memory usage after start of run combination: 142.45 MB
2024-12-16 10:14:49,070 - INFO - Processing pIPS right for run combination [2, 1] for subject sub-spaceloc2014
2024-12-16 10:14:49,332 - INFO - Functional image: shape=(208, 240, 256, 341), affine=
[[ 9.99893308e-01  9.16482415e-03  1.15016270e-02 -1.07700768e+02]
 [-1.25829084e-02  9.37968910e-01  3.46490949e-01 -1.38970154e+02]
 [-7.61265075e-03 -3.46598208e-01  9.37982798e-01 -8.45175552e+01]
 [ 0.00000000e+00  0.00000000e+00  0.00000000e+00  1.00000000e+00]]
2024-12-16 10:16:07,330 - INFO - Generated mask: shape=(208, 240, 256), affine=
[[ 9.99893308e-01  9.16482415e-03  1.15016270e-02 -1.07700768e+02]
 [-1.25829084e-02  9.37968910e-01  3.46490949e-01 -1.38970154e+02]
 [-7.61265075e-03 -3.46598208e-01  9.37982798e-01 -8.45175552e+01]
 [ 0.00000000e+00  0.00000000e+00  0.00000000e+00  1.00000000e+00]]
2024-12-16 10:19:43,592 - INFO - Cleaned data: shape=(208, 240, 256, 341), min=-14.824690818786621, max=14.479635238647461, mean=-1.7562539048690441e-12
2024-12-16 10:19:44,782 - INFO - Memory usage after after loading and cleaning run: 33458.37 MB
2024-12-16 10:19:44,782 - INFO - Memory usage after after loading analysis run: 33458.37 MB
2024-12-16 10:24:35,321 - INFO - Memory usage after after ROI extraction: 33459.87 MB
2024-12-16 10:24:35,321 - INFO - Creating Searchlight object for pIPS right...
2024-12-16 10:24:35,323 - INFO - Searchlight object created.
2024-12-16 10:24:35,323 - INFO - Distributing data...
2024-12-16 10:26:32,712 - INFO - Memory usage after after data distribution: 36347.35 MB
2024-12-16 10:26:32,712 - INFO - Broadcasting pIPS time series and psychological covariate...
2024-12-16 10:26:32,712 - INFO - Broadcasting completed.
2024-12-16 10:26:32,712 - INFO - Starting searchlight analysis...
2024-12-16 14:41:36,175 - INFO - Searchlight analysis completed.
2024-12-16 14:41:36,176 - INFO - Memory usage after after searchlight: 37276.47 MB
2024-12-16 14:41:37,910 - INFO - Saved searchlight result to /lab_data/behrmannlab/vlad/ptoc/sub-spaceloc2014/ses-01//derivatives/gca/searchlight_result_tool_runs21_pIPS_right.nii.gz
2024-12-16 14:41:38,857 - INFO - Memory usage after after cleanup: 20799.52 MB
2024-12-16 14:41:38,891 - INFO - Memory usage after start of ROI/hemi iteration: 20799.52 MB
2024-12-16 14:41:38,922 - INFO - Memory usage after start of run combination: 20799.52 MB
2024-12-16 14:41:38,922 - INFO - Processing LO left for run combination [1, 2] for subject sub-spaceloc2014
2024-12-16 14:41:39,239 - INFO - Functional image: shape=(208, 240, 256, 341), affine=
[[ 9.99893308e-01  9.16482415e-03  1.15016270e-02 -1.07700768e+02]
 [-1.25829084e-02  9.37968910e-01  3.46490949e-01 -1.38970154e+02]
 [-7.61265075e-03 -3.46598208e-01  9.37982798e-01 -8.45175552e+01]
 [ 0.00000000e+00  0.00000000e+00  0.00000000e+00  1.00000000e+00]]
2024-12-16 14:42:55,279 - INFO - Generated mask: shape=(208, 240, 256), affine=
[[ 9.99893308e-01  9.16482415e-03  1.15016270e-02 -1.07700768e+02]
 [-1.25829084e-02  9.37968910e-01  3.46490949e-01 -1.38970154e+02]
 [-7.61265075e-03 -3.46598208e-01  9.37982798e-01 -8.45175552e+01]
 [ 0.00000000e+00  0.00000000e+00  0.00000000e+00  1.00000000e+00]]
2024-12-16 14:46:38,433 - INFO - Cleaned data: shape=(208, 240, 256, 341), min=-14.57678508758545, max=16.735490798950195, mean=-1.1522005939181782e-12
2024-12-16 14:46:38,874 - INFO - Memory usage after after loading and cleaning run: 54047.02 MB
2024-12-16 14:46:38,874 - INFO - Memory usage after after loading analysis run: 54047.02 MB
