{
 "cells": [
  {
   "cell_type": "code",
   "execution_count": null,
   "metadata": {},
   "outputs": [],
   "source": [
    "# runs 2nd level analyses for PPI and FC\n",
    "import sys\n",
    "sys.path.insert(0, '/user_data/csimmon2/git_repos/ptoc')\n",
    "import glob\n",
    "import pandas as pd\n",
    "import gc\n",
    "from nilearn import image, input_data\n",
    "import numpy as np\n",
    "import nibabel as nib\n",
    "import os\n",
    "from nilearn.glm.first_level import compute_regressor\n",
    "import warnings\n",
    "import ptoc_params as params\n",
    "import argparse\n",
    "\n",
    "raw_dir = params.raw_dir\n",
    "results_dir = params.results_dir\n",
    "warnings.filterwarnings('ignore')\n",
    "\n",
    "# Set up run combinations like obj script\n",
    "run_num = 2  # Adjust based on your data\n",
    "runs = list(range(1, run_num + 1))\n",
    "run_combos = [[rn1, rn2] for rn1 in range(1, run_num + 1) \n",
    "              for rn2 in range(rn1 + 1, run_num + 1)]\n",
    "tr = 1\n",
    "vols = 341\n",
    "\n",
    "def extract_roi_timeseries(img, roi_mask, hemisphere='left'):\n",
    "    \"\"\"Extract ROI timeseries using parcels and hemisphere masking.\"\"\"\n",
    "    roi_data = roi_mask.get_fdata()\n",
    "    mid_x = roi_data.shape[0] // 2\n",
    "    \n",
    "    hemi_mask = np.zeros_like(roi_data)\n",
    "    if hemisphere == 'left':\n",
    "        hemi_mask[:mid_x, :, :] = 1\n",
    "    else:\n",
    "        hemi_mask[mid_x:, :, :] = 1\n",
    "    \n",
    "    combined_mask = roi_data * hemi_mask\n",
    "    mask_img = nib.Nifti1Image(combined_mask, roi_mask.affine)\n",
    "    \n",
    "    roi_masker = input_data.NiftiMasker(mask_img, standardize=True)\n",
    "    seed_time_series = roi_masker.fit_transform(img)\n",
    "    return np.mean(seed_time_series, axis=1).reshape(-1, 1)\n",
    "\n",
    "def make_psy_cov(runs, ss, temp_dir):\n",
    "    \"\"\"Create psychological covariates for specified runs.\"\"\"\n",
    "    cov_dir = f'{temp_dir}/covs'\n",
    "    times = np.arange(0, vols * len(runs), tr)\n",
    "    full_cov = pd.DataFrame(columns=['onset', 'duration', 'value'])\n",
    "\n",
    "    for run in runs:\n",
    "        ss_num = ss.split('-')[1].replace('spaceloc', '')\n",
    "        tool_cov_file = f'{cov_dir}/ToolLoc_spaceloc{ss_num}_run{run}_tool.txt'\n",
    "        nontool_cov_file = f'{cov_dir}/ToolLoc_spaceloc{ss_num}_run{run}_non_tool.txt'\n",
    "\n",
    "        if os.path.exists(tool_cov_file) and os.path.exists(nontool_cov_file):\n",
    "            tool_cov = pd.read_csv(tool_cov_file, sep='\\t', header=None, \n",
    "                                 names=['onset', 'duration', 'value'])\n",
    "            nontool_cov = pd.read_csv(nontool_cov_file, sep='\\t', header=None, \n",
    "                                    names=['onset', 'duration', 'value'])\n",
    "            nontool_cov['value'] *= -1\n",
    "\n",
    "            # Adjust onsets for concatenated runs\n",
    "            run_offset = vols * runs.index(run)\n",
    "            tool_cov['onset'] += run_offset\n",
    "            nontool_cov['onset'] += run_offset\n",
    "            \n",
    "            full_cov = pd.concat([full_cov, tool_cov, nontool_cov])\n",
    "\n",
    "    full_cov = full_cov.sort_values(by=['onset'])\n",
    "    cov = full_cov.to_numpy()\n",
    "    psy, _ = compute_regressor(cov.T, 'spm', times)\n",
    "    return psy\n",
    "\n",
    "def conduct_analyses(sub, rois=['LO', 'pIPS']):\n",
    "    import glob  # Add at top\n",
    "    \n",
    "    temp_dir = f'{raw_dir}/{sub}/ses-01/derivatives/fsl/toolloc'\n",
    "    roi_dir = f'{raw_dir}/{sub}/ses-01/derivatives/rois'\n",
    "    out_dir = f'/user_data/csimmon2/temp_derivatives/{sub}/ses-01/derivatives'\n",
    "    os.makedirs(f'{out_dir}/fc', exist_ok=True)\n",
    "    \n",
    "    mask_path = f'{raw_dir}/{sub}/ses-01/anat/{sub}_ses-01_T1w_brain_mask.nii.gz'\n",
    "    whole_brain_mask = nib.load(mask_path)\n",
    "    brain_masker = input_data.NiftiMasker(whole_brain_mask, standardize=True)\n",
    "\n",
    "    run_combos = [[rn1, rn2] for rn1 in range(1, run_num + 1) \n",
    "                  for rn2 in range(rn1 + 1, run_num + 1)]\n",
    "\n",
    "    for rr in rois:\n",
    "        roi_path = f'{roi_dir}/parcels/{rr}.nii.gz'\n",
    "        roi_img = nib.load(roi_path)\n",
    "        \n",
    "        for hemi in ['left', 'right']:\n",
    "            print(f\"Processing ROI: {rr}, Hemisphere: {hemi}\")\n",
    "            \n",
    "            fc_file = f'{out_dir}/fc/{sub}_{rr}_{hemi}_toolloc_fc_native.nii.gz'\n",
    "            ppi_file = f'{out_dir}/fc/{sub}_{rr}_{hemi}_toolloc_ppi_native.nii.gz'\n",
    "            \n",
    "            do_fc = not os.path.exists(fc_file)\n",
    "            do_ppi = not os.path.exists(ppi_file)\n",
    "            \n",
    "            if not do_fc and not do_ppi:\n",
    "                print(f'Both FC and PPI files exist for {rr} {hemi}. Skipping...')\n",
    "                continue\n",
    "            \n",
    "            for rc in run_combos:\n",
    "                print(f\"Processing run combination: {rc}\")\n",
    "                \n",
    "                filtered_list = []\n",
    "                for run in rc:\n",
    "                    curr_run = image.load_img(\n",
    "                        f'{temp_dir}/run-0{run}/1stLevel.feat/filtered_func_data_reg.nii.gz')\n",
    "                    curr_run = image.clean_img(curr_run, standardize=True)\n",
    "                    filtered_list.append(curr_run)\n",
    "\n",
    "                img4d = image.concat_imgs(filtered_list)\n",
    "                phys = extract_roi_timeseries(img4d, roi_img, hemisphere=hemi)\n",
    "                brain_time_series = brain_masker.fit_transform(img4d)\n",
    "                \n",
    "                if do_fc:\n",
    "                    correlations = np.dot(brain_time_series.T, phys) / phys.shape[0]\n",
    "                    correlations = np.arctanh(correlations)\n",
    "                    correlations = correlations.reshape(1, -1)\n",
    "                    correlation_img = brain_masker.inverse_transform(correlations)\n",
    "                    temp_fc_file = f'{out_dir}/fc/{sub}_{rr}_{hemi}_run{rc[0]}{rc[1]}_fc_temp.nii.gz'\n",
    "                    nib.save(correlation_img, temp_fc_file)\n",
    "                \n",
    "                if do_ppi:\n",
    "                    psy = make_psy_cov(rc, sub, f'{raw_dir}/{sub}/ses-01')\n",
    "                    \n",
    "                    min_length = min(psy.shape[0], phys.shape[0])\n",
    "                    psy = psy[:min_length]\n",
    "                    phys = phys[:min_length]\n",
    "                    brain_time_series = brain_time_series[:min_length]\n",
    "                    \n",
    "                    ppi = psy * phys\n",
    "                    correlations = np.dot(brain_time_series.T, ppi) / ppi.shape[0]\n",
    "                    correlations = np.arctanh(correlations)\n",
    "                    correlations = correlations.reshape(1, -1)\n",
    "                    correlation_img = brain_masker.inverse_transform(correlations)\n",
    "                    temp_ppi_file = f'{out_dir}/fc/{sub}_{rr}_{hemi}_run{rc[0]}{rc[1]}_ppi_temp.nii.gz'\n",
    "                    nib.save(correlation_img, temp_ppi_file)\n",
    "                \n",
    "                del img4d, phys, brain_time_series, correlations, correlation_img\n",
    "                if 'ppi' in locals(): del ppi\n",
    "                gc.collect()\n",
    "            \n",
    "            # After processing all run combinations, average temp files\n",
    "            if do_fc:\n",
    "                temp_fc_files = sorted(glob.glob(f'{out_dir}/fc/{sub}_{rr}_{hemi}_run*_fc_temp.nii.gz'))\n",
    "                mean_fc = image.mean_img(temp_fc_files)\n",
    "                nib.save(mean_fc, fc_file)\n",
    "                for f in temp_fc_files: os.remove(f)\n",
    "                print(f'Saved FC result for {rr} {hemi}')\n",
    "            \n",
    "            if do_ppi:\n",
    "                temp_ppi_files = sorted(glob.glob(f'{out_dir}/fc/{sub}_{rr}_{hemi}_run*_ppi_temp.nii.gz'))\n",
    "                mean_ppi = image.mean_img(temp_ppi_files)\n",
    "                nib.save(mean_ppi, ppi_file)\n",
    "                for f in temp_ppi_files: os.remove(f)\n",
    "                print(f'Saved PPI result for {rr} {hemi}')\n",
    "\n",
    "if __name__ == \"__main__\":\n",
    "    rois = ['LO', 'pIPS']\n",
    "    sub = 'sub-spaceloc1007'\n",
    "    conduct_analyses(sub, rois)"
   ]
  },
  {
   "cell_type": "code",
   "execution_count": 2,
   "metadata": {},
   "outputs": [
    {
     "name": "stdout",
     "output_type": "stream",
     "text": [
      "Memory used by Python: 0.06 GB\n",
      "Total system memory used: 3.5%\n"
     ]
    }
   ],
   "source": [
    "# check memory usage\n",
    "import psutil\n",
    "process = psutil.Process()\n",
    "print(f\"Memory used by Python: {process.memory_info().rss / 1024**3:.2f} GB\")\n",
    "print(f\"Total system memory used: {psutil.virtual_memory().percent}%\")"
   ]
  },
  {
   "cell_type": "code",
   "execution_count": 1,
   "metadata": {},
   "outputs": [
    {
     "name": "stdout",
     "output_type": "stream",
     "text": [
      "Error processing sub-spaceloc1001 run 1 tools: Mask affine: \n",
      "[[ 9.97444093e-01  7.13210031e-02  2.93188728e-03 -1.08846680e+02]\n",
      " [-7.09685236e-02  9.86441553e-01  1.47974461e-01 -1.01250931e+02]\n",
      " [ 7.66151305e-03 -1.47805065e-01  9.88986850e-01 -1.05525330e+02]\n",
      " [ 0.00000000e+00  0.00000000e+00  0.00000000e+00  1.00000000e+00]]\n",
      " is different from img affine:\n",
      "[[-2.99234700e+00  2.12394416e-01 -2.73498408e-02  9.08757629e+01]\n",
      " [ 2.12911040e-01  2.99182129e+00 -6.06057644e-02 -8.78534393e+01]\n",
      " [-2.29845047e-02  6.23921901e-02  2.99926281e+00 -3.43717957e+01]\n",
      " [ 0.00000000e+00  0.00000000e+00  0.00000000e+00  1.00000000e+00]]\n",
      "Error processing sub-spaceloc1001 run 1 scramble: Mask affine: \n",
      "[[ 9.97444093e-01  7.13210031e-02  2.93188728e-03 -1.08846680e+02]\n",
      " [-7.09685236e-02  9.86441553e-01  1.47974461e-01 -1.01250931e+02]\n",
      " [ 7.66151305e-03 -1.47805065e-01  9.88986850e-01 -1.05525330e+02]\n",
      " [ 0.00000000e+00  0.00000000e+00  0.00000000e+00  1.00000000e+00]]\n",
      " is different from img affine:\n",
      "[[-2.99234700e+00  2.12394416e-01 -2.73498408e-02  9.08757629e+01]\n",
      " [ 2.12911040e-01  2.99182129e+00 -6.06057644e-02 -8.78534393e+01]\n",
      " [-2.29845047e-02  6.23921901e-02  2.99926281e+00 -3.43717957e+01]\n",
      " [ 0.00000000e+00  0.00000000e+00  0.00000000e+00  1.00000000e+00]]\n",
      "Error processing sub-spaceloc1001 run 2 tools: Mask affine: \n",
      "[[ 9.97444093e-01  7.13210031e-02  2.93188728e-03 -1.08846680e+02]\n",
      " [-7.09685236e-02  9.86441553e-01  1.47974461e-01 -1.01250931e+02]\n",
      " [ 7.66151305e-03 -1.47805065e-01  9.88986850e-01 -1.05525330e+02]\n",
      " [ 0.00000000e+00  0.00000000e+00  0.00000000e+00  1.00000000e+00]]\n",
      " is different from img affine:\n",
      "[[-2.99234700e+00  2.12394416e-01 -2.73498408e-02  9.08757629e+01]\n",
      " [ 2.12911040e-01  2.99182129e+00 -6.06057644e-02 -8.78534393e+01]\n",
      " [-2.29845047e-02  6.23921901e-02  2.99926281e+00 -3.43717957e+01]\n",
      " [ 0.00000000e+00  0.00000000e+00  0.00000000e+00  1.00000000e+00]]\n",
      "Error processing sub-spaceloc1001 run 2 scramble: Mask affine: \n",
      "[[ 9.97444093e-01  7.13210031e-02  2.93188728e-03 -1.08846680e+02]\n",
      " [-7.09685236e-02  9.86441553e-01  1.47974461e-01 -1.01250931e+02]\n",
      " [ 7.66151305e-03 -1.47805065e-01  9.88986850e-01 -1.05525330e+02]\n",
      " [ 0.00000000e+00  0.00000000e+00  0.00000000e+00  1.00000000e+00]]\n",
      " is different from img affine:\n",
      "[[-2.99234700e+00  2.12394416e-01 -2.73498408e-02  9.08757629e+01]\n",
      " [ 2.12911040e-01  2.99182129e+00 -6.06057644e-02 -8.78534393e+01]\n",
      " [-2.29845047e-02  6.23921901e-02  2.99926281e+00 -3.43717957e+01]\n",
      " [ 0.00000000e+00  0.00000000e+00  0.00000000e+00  1.00000000e+00]]\n",
      "Error processing sub-spaceloc1002 run 1 tools: Mask affine: \n",
      "[[ 9.98947263e-01 -4.36464436e-02  1.37972161e-02 -1.01358284e+02]\n",
      " [ 4.15618457e-02  9.91135180e-01  1.26189023e-01 -1.19575912e+02]\n",
      " [-1.91825200e-02 -1.25483304e-01  9.91910279e-01 -1.15953613e+02]\n",
      " [ 0.00000000e+00  0.00000000e+00  0.00000000e+00  1.00000000e+00]]\n",
      " is different from img affine:\n",
      "[[-2.99684715e+00 -1.25081301e-01  5.71088456e-02  9.72262955e+01]\n",
      " [-1.24879688e-01  2.99737668e+00  1.17406882e-02 -8.17405701e+01]\n",
      " [ 5.75484261e-02 -9.35110543e-03  2.99943304e+00 -4.95965805e+01]\n",
      " [ 0.00000000e+00  0.00000000e+00  0.00000000e+00  1.00000000e+00]]\n",
      "Error processing sub-spaceloc1002 run 1 scramble: Mask affine: \n",
      "[[ 9.98947263e-01 -4.36464436e-02  1.37972161e-02 -1.01358284e+02]\n",
      " [ 4.15618457e-02  9.91135180e-01  1.26189023e-01 -1.19575912e+02]\n",
      " [-1.91825200e-02 -1.25483304e-01  9.91910279e-01 -1.15953613e+02]\n",
      " [ 0.00000000e+00  0.00000000e+00  0.00000000e+00  1.00000000e+00]]\n",
      " is different from img affine:\n",
      "[[-2.99684715e+00 -1.25081301e-01  5.71088456e-02  9.72262955e+01]\n",
      " [-1.24879688e-01  2.99737668e+00  1.17406882e-02 -8.17405701e+01]\n",
      " [ 5.75484261e-02 -9.35110543e-03  2.99943304e+00 -4.95965805e+01]\n",
      " [ 0.00000000e+00  0.00000000e+00  0.00000000e+00  1.00000000e+00]]\n",
      "Error processing sub-spaceloc1002 run 2 tools: Mask affine: \n",
      "[[ 9.98947263e-01 -4.36464436e-02  1.37972161e-02 -1.01358284e+02]\n",
      " [ 4.15618457e-02  9.91135180e-01  1.26189023e-01 -1.19575912e+02]\n",
      " [-1.91825200e-02 -1.25483304e-01  9.91910279e-01 -1.15953613e+02]\n",
      " [ 0.00000000e+00  0.00000000e+00  0.00000000e+00  1.00000000e+00]]\n",
      " is different from img affine:\n",
      "[[-2.99684715e+00 -1.25081301e-01  5.71088456e-02  9.72262955e+01]\n",
      " [-1.24879688e-01  2.99737668e+00  1.17406882e-02 -8.17405701e+01]\n",
      " [ 5.75484261e-02 -9.35110543e-03  2.99943304e+00 -4.95965805e+01]\n",
      " [ 0.00000000e+00  0.00000000e+00  0.00000000e+00  1.00000000e+00]]\n",
      "Error processing sub-spaceloc1002 run 2 scramble: Mask affine: \n",
      "[[ 9.98947263e-01 -4.36464436e-02  1.37972161e-02 -1.01358284e+02]\n",
      " [ 4.15618457e-02  9.91135180e-01  1.26189023e-01 -1.19575912e+02]\n",
      " [-1.91825200e-02 -1.25483304e-01  9.91910279e-01 -1.15953613e+02]\n",
      " [ 0.00000000e+00  0.00000000e+00  0.00000000e+00  1.00000000e+00]]\n",
      " is different from img affine:\n",
      "[[-2.99684715e+00 -1.25081301e-01  5.71088456e-02  9.72262955e+01]\n",
      " [-1.24879688e-01  2.99737668e+00  1.17406882e-02 -8.17405701e+01]\n",
      " [ 5.75484261e-02 -9.35110543e-03  2.99943304e+00 -4.95965805e+01]\n",
      " [ 0.00000000e+00  0.00000000e+00  0.00000000e+00  1.00000000e+00]]\n",
      "Error processing sub-spaceloc1003 run 1 tools: Mask affine: \n",
      "[[ 9.98199344e-01 -2.93113440e-02  5.23613729e-02 -1.07260475e+02]\n",
      " [ 1.76451504e-02  9.77381229e-01  2.10747555e-01 -1.26807861e+02]\n",
      " [-5.73543981e-02 -2.09443852e-01  9.76137161e-01 -1.15901955e+02]\n",
      " [ 0.00000000e+00  0.00000000e+00  0.00000000e+00  1.00000000e+00]]\n",
      " is different from img affine:\n",
      "[[-2.99459743e+00 -6.22050837e-02  1.68869004e-01  9.54900436e+01]\n",
      " [-5.27619272e-02  2.99485254e+00  1.67551830e-01 -9.10927658e+01]\n",
      " [ 1.72053456e-01 -1.64280146e-01  2.99055338e+00 -6.13248672e+01]\n",
      " [ 0.00000000e+00  0.00000000e+00  0.00000000e+00  1.00000000e+00]]\n",
      "Error processing sub-spaceloc1003 run 1 scramble: Mask affine: \n",
      "[[ 9.98199344e-01 -2.93113440e-02  5.23613729e-02 -1.07260475e+02]\n",
      " [ 1.76451504e-02  9.77381229e-01  2.10747555e-01 -1.26807861e+02]\n",
      " [-5.73543981e-02 -2.09443852e-01  9.76137161e-01 -1.15901955e+02]\n",
      " [ 0.00000000e+00  0.00000000e+00  0.00000000e+00  1.00000000e+00]]\n",
      " is different from img affine:\n",
      "[[-2.99459743e+00 -6.22050837e-02  1.68869004e-01  9.54900436e+01]\n",
      " [-5.27619272e-02  2.99485254e+00  1.67551830e-01 -9.10927658e+01]\n",
      " [ 1.72053456e-01 -1.64280146e-01  2.99055338e+00 -6.13248672e+01]\n",
      " [ 0.00000000e+00  0.00000000e+00  0.00000000e+00  1.00000000e+00]]\n",
      "Error processing sub-spaceloc1003 run 2 tools: Mask affine: \n",
      "[[ 9.98199344e-01 -2.93113440e-02  5.23613729e-02 -1.07260475e+02]\n",
      " [ 1.76451504e-02  9.77381229e-01  2.10747555e-01 -1.26807861e+02]\n",
      " [-5.73543981e-02 -2.09443852e-01  9.76137161e-01 -1.15901955e+02]\n",
      " [ 0.00000000e+00  0.00000000e+00  0.00000000e+00  1.00000000e+00]]\n",
      " is different from img affine:\n",
      "[[-2.99459743e+00 -6.22050837e-02  1.68869004e-01  9.54900436e+01]\n",
      " [-5.27619272e-02  2.99485254e+00  1.67551830e-01 -9.10927658e+01]\n",
      " [ 1.72053456e-01 -1.64280146e-01  2.99055338e+00 -6.13248672e+01]\n",
      " [ 0.00000000e+00  0.00000000e+00  0.00000000e+00  1.00000000e+00]]\n",
      "Error processing sub-spaceloc1003 run 2 scramble: Mask affine: \n",
      "[[ 9.98199344e-01 -2.93113440e-02  5.23613729e-02 -1.07260475e+02]\n",
      " [ 1.76451504e-02  9.77381229e-01  2.10747555e-01 -1.26807861e+02]\n",
      " [-5.73543981e-02 -2.09443852e-01  9.76137161e-01 -1.15901955e+02]\n",
      " [ 0.00000000e+00  0.00000000e+00  0.00000000e+00  1.00000000e+00]]\n",
      " is different from img affine:\n",
      "[[-2.99459743e+00 -6.22050837e-02  1.68869004e-01  9.54900436e+01]\n",
      " [-5.27619272e-02  2.99485254e+00  1.67551830e-01 -9.10927658e+01]\n",
      " [ 1.72053456e-01 -1.64280146e-01  2.99055338e+00 -6.13248672e+01]\n",
      " [ 0.00000000e+00  0.00000000e+00  0.00000000e+00  1.00000000e+00]]\n",
      "Error processing sub-spaceloc1004 run 1 tools: Mask affine: \n",
      "[[ 9.99816656e-01 -1.42442789e-02 -1.27897514e-02 -1.00044151e+02]\n",
      " [ 1.52876880e-02  9.96214092e-01  8.55791494e-02 -1.04554688e+02]\n",
      " [ 1.15223164e-02 -8.57589915e-02  9.96249259e-01 -1.37633972e+02]\n",
      " [ 0.00000000e+00  0.00000000e+00  0.00000000e+00  1.00000000e+00]]\n",
      " is different from img affine:\n",
      "[[-2.99945450e+00 -4.65956926e-02 -3.31974626e-02  9.77079544e+01]\n",
      " [-4.55950573e-02  2.99833751e+00 -8.88416246e-02 -8.28221359e+01]\n",
      " [-3.45589444e-02  8.83209184e-02  2.99850035e+00 -5.90857925e+01]\n",
      " [ 0.00000000e+00  0.00000000e+00  0.00000000e+00  1.00000000e+00]]\n",
      "Error processing sub-spaceloc1004 run 1 scramble: Mask affine: \n",
      "[[ 9.99816656e-01 -1.42442789e-02 -1.27897514e-02 -1.00044151e+02]\n",
      " [ 1.52876880e-02  9.96214092e-01  8.55791494e-02 -1.04554688e+02]\n",
      " [ 1.15223164e-02 -8.57589915e-02  9.96249259e-01 -1.37633972e+02]\n",
      " [ 0.00000000e+00  0.00000000e+00  0.00000000e+00  1.00000000e+00]]\n",
      " is different from img affine:\n",
      "[[-2.99945450e+00 -4.65956926e-02 -3.31974626e-02  9.77079544e+01]\n",
      " [-4.55950573e-02  2.99833751e+00 -8.88416246e-02 -8.28221359e+01]\n",
      " [-3.45589444e-02  8.83209184e-02  2.99850035e+00 -5.90857925e+01]\n",
      " [ 0.00000000e+00  0.00000000e+00  0.00000000e+00  1.00000000e+00]]\n",
      "Error processing sub-spaceloc1004 run 2 tools: Mask affine: \n",
      "[[ 9.99816656e-01 -1.42442789e-02 -1.27897514e-02 -1.00044151e+02]\n",
      " [ 1.52876880e-02  9.96214092e-01  8.55791494e-02 -1.04554688e+02]\n",
      " [ 1.15223164e-02 -8.57589915e-02  9.96249259e-01 -1.37633972e+02]\n",
      " [ 0.00000000e+00  0.00000000e+00  0.00000000e+00  1.00000000e+00]]\n",
      " is different from img affine:\n",
      "[[-2.99945450e+00 -4.65956926e-02 -3.31974626e-02  9.77079544e+01]\n",
      " [-4.55950573e-02  2.99833751e+00 -8.88416246e-02 -8.28221359e+01]\n",
      " [-3.45589444e-02  8.83209184e-02  2.99850035e+00 -5.90857925e+01]\n",
      " [ 0.00000000e+00  0.00000000e+00  0.00000000e+00  1.00000000e+00]]\n",
      "Error processing sub-spaceloc1004 run 2 scramble: Mask affine: \n",
      "[[ 9.99816656e-01 -1.42442789e-02 -1.27897514e-02 -1.00044151e+02]\n",
      " [ 1.52876880e-02  9.96214092e-01  8.55791494e-02 -1.04554688e+02]\n",
      " [ 1.15223164e-02 -8.57589915e-02  9.96249259e-01 -1.37633972e+02]\n",
      " [ 0.00000000e+00  0.00000000e+00  0.00000000e+00  1.00000000e+00]]\n",
      " is different from img affine:\n",
      "[[-2.99945450e+00 -4.65956926e-02 -3.31974626e-02  9.77079544e+01]\n",
      " [-4.55950573e-02  2.99833751e+00 -8.88416246e-02 -8.28221359e+01]\n",
      " [-3.45589444e-02  8.83209184e-02  2.99850035e+00 -5.90857925e+01]\n",
      " [ 0.00000000e+00  0.00000000e+00  0.00000000e+00  1.00000000e+00]]\n",
      "Error processing sub-spaceloc1005 run 1 tools: Mask affine: \n",
      "[[ 9.99755919e-01 -2.06312444e-02  7.34073343e-03 -1.02843178e+02]\n",
      " [ 2.13742349e-02  9.92267907e-01 -1.22260012e-01 -7.74972382e+01]\n",
      " [-4.76157758e-03  1.22387603e-01  9.92470980e-01 -1.36000244e+02]\n",
      " [ 0.00000000e+00  0.00000000e+00  0.00000000e+00  1.00000000e+00]]\n",
      " is different from img affine:\n",
      "[[-2.99927855e+00 -5.96836433e-02  2.76722331e-02  9.62774048e+01]\n",
      " [-6.42218962e-02  2.92990494e+00 -6.41508222e-01 -6.62624588e+01]\n",
      " [ 1.42631549e-02  6.41946435e-01  2.93047786e+00 -5.52569504e+01]\n",
      " [ 0.00000000e+00  0.00000000e+00  0.00000000e+00  1.00000000e+00]]\n",
      "Error processing sub-spaceloc1005 run 1 scramble: Mask affine: \n",
      "[[ 9.99755919e-01 -2.06312444e-02  7.34073343e-03 -1.02843178e+02]\n",
      " [ 2.13742349e-02  9.92267907e-01 -1.22260012e-01 -7.74972382e+01]\n",
      " [-4.76157758e-03  1.22387603e-01  9.92470980e-01 -1.36000244e+02]\n",
      " [ 0.00000000e+00  0.00000000e+00  0.00000000e+00  1.00000000e+00]]\n",
      " is different from img affine:\n",
      "[[-2.99927855e+00 -5.96836433e-02  2.76722331e-02  9.62774048e+01]\n",
      " [-6.42218962e-02  2.92990494e+00 -6.41508222e-01 -6.62624588e+01]\n",
      " [ 1.42631549e-02  6.41946435e-01  2.93047786e+00 -5.52569504e+01]\n",
      " [ 0.00000000e+00  0.00000000e+00  0.00000000e+00  1.00000000e+00]]\n",
      "Error processing sub-spaceloc1005 run 2 tools: Mask affine: \n",
      "[[ 9.99755919e-01 -2.06312444e-02  7.34073343e-03 -1.02843178e+02]\n",
      " [ 2.13742349e-02  9.92267907e-01 -1.22260012e-01 -7.74972382e+01]\n",
      " [-4.76157758e-03  1.22387603e-01  9.92470980e-01 -1.36000244e+02]\n",
      " [ 0.00000000e+00  0.00000000e+00  0.00000000e+00  1.00000000e+00]]\n",
      " is different from img affine:\n",
      "[[-2.99927855e+00 -5.96836433e-02  2.76722331e-02  9.62774048e+01]\n",
      " [-6.42218962e-02  2.92990494e+00 -6.41508222e-01 -6.62624588e+01]\n",
      " [ 1.42631549e-02  6.41946435e-01  2.93047786e+00 -5.52569504e+01]\n",
      " [ 0.00000000e+00  0.00000000e+00  0.00000000e+00  1.00000000e+00]]\n",
      "Error processing sub-spaceloc1005 run 2 scramble: Mask affine: \n",
      "[[ 9.99755919e-01 -2.06312444e-02  7.34073343e-03 -1.02843178e+02]\n",
      " [ 2.13742349e-02  9.92267907e-01 -1.22260012e-01 -7.74972382e+01]\n",
      " [-4.76157758e-03  1.22387603e-01  9.92470980e-01 -1.36000244e+02]\n",
      " [ 0.00000000e+00  0.00000000e+00  0.00000000e+00  1.00000000e+00]]\n",
      " is different from img affine:\n",
      "[[-2.99927855e+00 -5.96836433e-02  2.76722331e-02  9.62774048e+01]\n",
      " [-6.42218962e-02  2.92990494e+00 -6.41508222e-01 -6.62624588e+01]\n",
      " [ 1.42631549e-02  6.41946435e-01  2.93047786e+00 -5.52569504e+01]\n",
      " [ 0.00000000e+00  0.00000000e+00  0.00000000e+00  1.00000000e+00]]\n",
      "Error processing sub-spaceloc1006 run 1 tools: Mask affine: \n",
      "[[ 9.99481142e-01 -2.16165674e-03 -3.22180539e-02 -9.85362244e+01]\n",
      " [ 4.70270682e-03  9.96863186e-01  7.90043399e-02 -9.49344482e+01]\n",
      " [ 3.19462940e-02 -7.91146532e-02  9.96353507e-01 -1.19111740e+02]\n",
      " [ 0.00000000e+00  0.00000000e+00  0.00000000e+00  1.00000000e+00]]\n",
      " is different from img affine:\n",
      "[[-2.99843597e+00 -1.20366272e-02 -9.61080417e-02  9.70016556e+01]\n",
      " [-1.40073812e-02  2.99933958e+00  6.13716021e-02 -7.36536942e+01]\n",
      " [-9.58406478e-02 -6.17883503e-02  2.99783182e+00 -3.07533989e+01]\n",
      " [ 0.00000000e+00  0.00000000e+00  0.00000000e+00  1.00000000e+00]]\n",
      "Error processing sub-spaceloc1006 run 1 scramble: Mask affine: \n",
      "[[ 9.99481142e-01 -2.16165674e-03 -3.22180539e-02 -9.85362244e+01]\n",
      " [ 4.70270682e-03  9.96863186e-01  7.90043399e-02 -9.49344482e+01]\n",
      " [ 3.19462940e-02 -7.91146532e-02  9.96353507e-01 -1.19111740e+02]\n",
      " [ 0.00000000e+00  0.00000000e+00  0.00000000e+00  1.00000000e+00]]\n",
      " is different from img affine:\n",
      "[[-2.99843597e+00 -1.20366272e-02 -9.61080417e-02  9.70016556e+01]\n",
      " [-1.40073812e-02  2.99933958e+00  6.13716021e-02 -7.36536942e+01]\n",
      " [-9.58406478e-02 -6.17883503e-02  2.99783182e+00 -3.07533989e+01]\n",
      " [ 0.00000000e+00  0.00000000e+00  0.00000000e+00  1.00000000e+00]]\n",
      "Error processing sub-spaceloc1006 run 2 tools: Mask affine: \n",
      "[[ 9.99481142e-01 -2.16165674e-03 -3.22180539e-02 -9.85362244e+01]\n",
      " [ 4.70270682e-03  9.96863186e-01  7.90043399e-02 -9.49344482e+01]\n",
      " [ 3.19462940e-02 -7.91146532e-02  9.96353507e-01 -1.19111740e+02]\n",
      " [ 0.00000000e+00  0.00000000e+00  0.00000000e+00  1.00000000e+00]]\n",
      " is different from img affine:\n",
      "[[-2.99843597e+00 -1.20366272e-02 -9.61080417e-02  9.70016556e+01]\n",
      " [-1.40073812e-02  2.99933958e+00  6.13716021e-02 -7.36536942e+01]\n",
      " [-9.58406478e-02 -6.17883503e-02  2.99783182e+00 -3.07533989e+01]\n",
      " [ 0.00000000e+00  0.00000000e+00  0.00000000e+00  1.00000000e+00]]\n",
      "Error processing sub-spaceloc1006 run 2 scramble: Mask affine: \n",
      "[[ 9.99481142e-01 -2.16165674e-03 -3.22180539e-02 -9.85362244e+01]\n",
      " [ 4.70270682e-03  9.96863186e-01  7.90043399e-02 -9.49344482e+01]\n",
      " [ 3.19462940e-02 -7.91146532e-02  9.96353507e-01 -1.19111740e+02]\n",
      " [ 0.00000000e+00  0.00000000e+00  0.00000000e+00  1.00000000e+00]]\n",
      " is different from img affine:\n",
      "[[-2.99843597e+00 -1.20366272e-02 -9.61080417e-02  9.70016556e+01]\n",
      " [-1.40073812e-02  2.99933958e+00  6.13716021e-02 -7.36536942e+01]\n",
      " [-9.58406478e-02 -6.17883503e-02  2.99783182e+00 -3.07533989e+01]\n",
      " [ 0.00000000e+00  0.00000000e+00  0.00000000e+00  1.00000000e+00]]\n",
      "Error processing sub-spaceloc1007 run 1 tools: Mask affine: \n",
      "[[ 9.97283757e-01 -4.51083034e-02 -5.81888407e-02 -9.12777557e+01]\n",
      " [ 5.20383492e-02  9.90956604e-01  1.23681091e-01 -1.21057220e+02]\n",
      " [ 5.20834588e-02 -1.26373470e-01  9.90614474e-01 -1.18224663e+02]\n",
      " [ 0.00000000e+00  0.00000000e+00  0.00000000e+00  1.00000000e+00]]\n",
      " is different from img affine:\n",
      "[[-2.99185801e+00 -1.61509603e-01 -1.50667056e-01  1.02190529e+02]\n",
      " [-1.56114280e-01  2.99393845e+00 -1.09367132e-01 -8.25546417e+01]\n",
      " [-1.56250581e-01  1.01229876e-01  2.99421740e+00 -3.99590874e+01]\n",
      " [ 0.00000000e+00  0.00000000e+00  0.00000000e+00  1.00000000e+00]]\n",
      "Error processing sub-spaceloc1007 run 1 scramble: Mask affine: \n",
      "[[ 9.97283757e-01 -4.51083034e-02 -5.81888407e-02 -9.12777557e+01]\n",
      " [ 5.20383492e-02  9.90956604e-01  1.23681091e-01 -1.21057220e+02]\n",
      " [ 5.20834588e-02 -1.26373470e-01  9.90614474e-01 -1.18224663e+02]\n",
      " [ 0.00000000e+00  0.00000000e+00  0.00000000e+00  1.00000000e+00]]\n",
      " is different from img affine:\n",
      "[[-2.99185801e+00 -1.61509603e-01 -1.50667056e-01  1.02190529e+02]\n",
      " [-1.56114280e-01  2.99393845e+00 -1.09367132e-01 -8.25546417e+01]\n",
      " [-1.56250581e-01  1.01229876e-01  2.99421740e+00 -3.99590874e+01]\n",
      " [ 0.00000000e+00  0.00000000e+00  0.00000000e+00  1.00000000e+00]]\n",
      "Error processing sub-spaceloc1007 run 2 tools: Mask affine: \n",
      "[[ 9.97283757e-01 -4.51083034e-02 -5.81888407e-02 -9.12777557e+01]\n",
      " [ 5.20383492e-02  9.90956604e-01  1.23681091e-01 -1.21057220e+02]\n",
      " [ 5.20834588e-02 -1.26373470e-01  9.90614474e-01 -1.18224663e+02]\n",
      " [ 0.00000000e+00  0.00000000e+00  0.00000000e+00  1.00000000e+00]]\n",
      " is different from img affine:\n",
      "[[-2.99185801e+00 -1.61509603e-01 -1.50667056e-01  1.02190529e+02]\n",
      " [-1.56114280e-01  2.99393845e+00 -1.09367132e-01 -8.25546417e+01]\n",
      " [-1.56250581e-01  1.01229876e-01  2.99421740e+00 -3.99590874e+01]\n",
      " [ 0.00000000e+00  0.00000000e+00  0.00000000e+00  1.00000000e+00]]\n",
      "Error processing sub-spaceloc1007 run 2 scramble: Mask affine: \n",
      "[[ 9.97283757e-01 -4.51083034e-02 -5.81888407e-02 -9.12777557e+01]\n",
      " [ 5.20383492e-02  9.90956604e-01  1.23681091e-01 -1.21057220e+02]\n",
      " [ 5.20834588e-02 -1.26373470e-01  9.90614474e-01 -1.18224663e+02]\n",
      " [ 0.00000000e+00  0.00000000e+00  0.00000000e+00  1.00000000e+00]]\n",
      " is different from img affine:\n",
      "[[-2.99185801e+00 -1.61509603e-01 -1.50667056e-01  1.02190529e+02]\n",
      " [-1.56114280e-01  2.99393845e+00 -1.09367132e-01 -8.25546417e+01]\n",
      " [-1.56250581e-01  1.01229876e-01  2.99421740e+00 -3.99590874e+01]\n",
      " [ 0.00000000e+00  0.00000000e+00  0.00000000e+00  1.00000000e+00]]\n",
      "Error processing sub-spaceloc1008 run 1 tools: Mask affine: \n",
      "[[ 9.99923706e-01 -1.20523302e-02  1.02082896e-03 -1.01242714e+02]\n",
      " [ 1.17004784e-02  9.85215247e-01  1.70921028e-01 -1.15959427e+02]\n",
      " [-3.06572323e-03 -1.70896590e-01  9.85284209e-01 -1.26960068e+02]\n",
      " [ 0.00000000e+00  0.00000000e+00  0.00000000e+00  1.00000000e+00]]\n",
      " is different from img affine:\n",
      "[[-2.99978304e+00 -3.45564932e-02  1.04202451e-02  9.74365082e+01]\n",
      " [-3.49000655e-02  2.99796057e+00 -1.04951695e-01 -7.90937271e+01]\n",
      " [ 9.20424052e-03  1.05065323e-01  2.99814558e+00 -6.42291031e+01]\n",
      " [ 0.00000000e+00  0.00000000e+00  0.00000000e+00  1.00000000e+00]]\n",
      "Error processing sub-spaceloc1008 run 1 scramble: Mask affine: \n",
      "[[ 9.99923706e-01 -1.20523302e-02  1.02082896e-03 -1.01242714e+02]\n",
      " [ 1.17004784e-02  9.85215247e-01  1.70921028e-01 -1.15959427e+02]\n",
      " [-3.06572323e-03 -1.70896590e-01  9.85284209e-01 -1.26960068e+02]\n",
      " [ 0.00000000e+00  0.00000000e+00  0.00000000e+00  1.00000000e+00]]\n",
      " is different from img affine:\n",
      "[[-2.99978304e+00 -3.45564932e-02  1.04202451e-02  9.74365082e+01]\n",
      " [-3.49000655e-02  2.99796057e+00 -1.04951695e-01 -7.90937271e+01]\n",
      " [ 9.20424052e-03  1.05065323e-01  2.99814558e+00 -6.42291031e+01]\n",
      " [ 0.00000000e+00  0.00000000e+00  0.00000000e+00  1.00000000e+00]]\n",
      "Error processing sub-spaceloc1008 run 2 tools: Mask affine: \n",
      "[[ 9.99923706e-01 -1.20523302e-02  1.02082896e-03 -1.01242714e+02]\n",
      " [ 1.17004784e-02  9.85215247e-01  1.70921028e-01 -1.15959427e+02]\n",
      " [-3.06572323e-03 -1.70896590e-01  9.85284209e-01 -1.26960068e+02]\n",
      " [ 0.00000000e+00  0.00000000e+00  0.00000000e+00  1.00000000e+00]]\n",
      " is different from img affine:\n",
      "[[-2.99978304e+00 -3.45564932e-02  1.04202451e-02  9.74365082e+01]\n",
      " [-3.49000655e-02  2.99796057e+00 -1.04951695e-01 -7.90937271e+01]\n",
      " [ 9.20424052e-03  1.05065323e-01  2.99814558e+00 -6.42291031e+01]\n",
      " [ 0.00000000e+00  0.00000000e+00  0.00000000e+00  1.00000000e+00]]\n",
      "Error processing sub-spaceloc1008 run 2 scramble: Mask affine: \n",
      "[[ 9.99923706e-01 -1.20523302e-02  1.02082896e-03 -1.01242714e+02]\n",
      " [ 1.17004784e-02  9.85215247e-01  1.70921028e-01 -1.15959427e+02]\n",
      " [-3.06572323e-03 -1.70896590e-01  9.85284209e-01 -1.26960068e+02]\n",
      " [ 0.00000000e+00  0.00000000e+00  0.00000000e+00  1.00000000e+00]]\n",
      " is different from img affine:\n",
      "[[-2.99978304e+00 -3.45564932e-02  1.04202451e-02  9.74365082e+01]\n",
      " [-3.49000655e-02  2.99796057e+00 -1.04951695e-01 -7.90937271e+01]\n",
      " [ 9.20424052e-03  1.05065323e-01  2.99814558e+00 -6.42291031e+01]\n",
      " [ 0.00000000e+00  0.00000000e+00  0.00000000e+00  1.00000000e+00]]\n",
      "Error processing sub-spaceloc1009 run 1 tools: Mask affine: \n",
      "[[ 9.99252081e-01 -3.69889252e-02 -1.15440711e-02 -9.70356903e+01]\n",
      " [ 3.81528400e-02  9.91249204e-01  1.26369908e-01 -1.15041000e+02]\n",
      " [ 6.76878542e-03 -1.26715437e-01  9.91916001e-01 -1.20202042e+02]\n",
      " [ 0.00000000e+00  0.00000000e+00  0.00000000e+00  1.00000000e+00]]\n",
      " is different from img affine:\n",
      "[[-2.99774504e+00 -1.16209656e-01 -4.50421963e-03  9.92638626e+01]\n",
      " [-1.14509121e-01  2.96974206e+00 -4.09291774e-01 -7.09022980e+01]\n",
      " [-2.03133430e-02  4.08812195e-01  2.97194529e+00 -5.86228905e+01]\n",
      " [ 0.00000000e+00  0.00000000e+00  0.00000000e+00  1.00000000e+00]]\n",
      "Error processing sub-spaceloc1009 run 1 scramble: Mask affine: \n",
      "[[ 9.99252081e-01 -3.69889252e-02 -1.15440711e-02 -9.70356903e+01]\n",
      " [ 3.81528400e-02  9.91249204e-01  1.26369908e-01 -1.15041000e+02]\n",
      " [ 6.76878542e-03 -1.26715437e-01  9.91916001e-01 -1.20202042e+02]\n",
      " [ 0.00000000e+00  0.00000000e+00  0.00000000e+00  1.00000000e+00]]\n",
      " is different from img affine:\n",
      "[[-2.99774504e+00 -1.16209656e-01 -4.50421963e-03  9.92638626e+01]\n",
      " [-1.14509121e-01  2.96974206e+00 -4.09291774e-01 -7.09022980e+01]\n",
      " [-2.03133430e-02  4.08812195e-01  2.97194529e+00 -5.86228905e+01]\n",
      " [ 0.00000000e+00  0.00000000e+00  0.00000000e+00  1.00000000e+00]]\n",
      "Error processing sub-spaceloc1009 run 2 tools: Mask affine: \n",
      "[[ 9.99252081e-01 -3.69889252e-02 -1.15440711e-02 -9.70356903e+01]\n",
      " [ 3.81528400e-02  9.91249204e-01  1.26369908e-01 -1.15041000e+02]\n",
      " [ 6.76878542e-03 -1.26715437e-01  9.91916001e-01 -1.20202042e+02]\n",
      " [ 0.00000000e+00  0.00000000e+00  0.00000000e+00  1.00000000e+00]]\n",
      " is different from img affine:\n",
      "[[-2.99774504e+00 -1.16209656e-01 -4.50421963e-03  9.92638626e+01]\n",
      " [-1.14509121e-01  2.96974206e+00 -4.09291774e-01 -7.09022980e+01]\n",
      " [-2.03133430e-02  4.08812195e-01  2.97194529e+00 -5.86228905e+01]\n",
      " [ 0.00000000e+00  0.00000000e+00  0.00000000e+00  1.00000000e+00]]\n",
      "Error processing sub-spaceloc1009 run 2 scramble: Mask affine: \n",
      "[[ 9.99252081e-01 -3.69889252e-02 -1.15440711e-02 -9.70356903e+01]\n",
      " [ 3.81528400e-02  9.91249204e-01  1.26369908e-01 -1.15041000e+02]\n",
      " [ 6.76878542e-03 -1.26715437e-01  9.91916001e-01 -1.20202042e+02]\n",
      " [ 0.00000000e+00  0.00000000e+00  0.00000000e+00  1.00000000e+00]]\n",
      " is different from img affine:\n",
      "[[-2.99774504e+00 -1.16209656e-01 -4.50421963e-03  9.92638626e+01]\n",
      " [-1.14509121e-01  2.96974206e+00 -4.09291774e-01 -7.09022980e+01]\n",
      " [-2.03133430e-02  4.08812195e-01  2.97194529e+00 -5.86228905e+01]\n",
      " [ 0.00000000e+00  0.00000000e+00  0.00000000e+00  1.00000000e+00]]\n",
      "Error processing sub-spaceloc1010 run 1 tools: Mask affine: \n",
      "[[ 9.98817623e-01 -1.29146278e-02 -4.68586534e-02 -9.70467224e+01]\n",
      " [ 1.65977441e-02  9.96729910e-01  7.90833682e-02 -1.10643188e+02]\n",
      " [ 4.56840619e-02 -7.97676519e-02  9.95766103e-01 -1.21894188e+02]\n",
      " [ 0.00000000e+00  0.00000000e+00  0.00000000e+00  1.00000000e+00]]\n",
      " is different from img affine:\n",
      "[[-2.99645710e+00 -5.80579862e-02 -1.33693665e-01  9.76324844e+01]\n",
      " [-4.96385768e-02  2.99372244e+00 -1.87515512e-01 -8.32637482e+01]\n",
      " [-1.37042835e-01  1.85081944e-01  2.99114752e+00 -4.40105057e+01]\n",
      " [ 0.00000000e+00  0.00000000e+00  0.00000000e+00  1.00000000e+00]]\n",
      "Error processing sub-spaceloc1010 run 1 scramble: Mask affine: \n",
      "[[ 9.98817623e-01 -1.29146278e-02 -4.68586534e-02 -9.70467224e+01]\n",
      " [ 1.65977441e-02  9.96729910e-01  7.90833682e-02 -1.10643188e+02]\n",
      " [ 4.56840619e-02 -7.97676519e-02  9.95766103e-01 -1.21894188e+02]\n",
      " [ 0.00000000e+00  0.00000000e+00  0.00000000e+00  1.00000000e+00]]\n",
      " is different from img affine:\n",
      "[[-2.99645710e+00 -5.80579862e-02 -1.33693665e-01  9.76324844e+01]\n",
      " [-4.96385768e-02  2.99372244e+00 -1.87515512e-01 -8.32637482e+01]\n",
      " [-1.37042835e-01  1.85081944e-01  2.99114752e+00 -4.40105057e+01]\n",
      " [ 0.00000000e+00  0.00000000e+00  0.00000000e+00  1.00000000e+00]]\n",
      "Error processing sub-spaceloc1010 run 2 tools: Mask affine: \n",
      "[[ 9.98817623e-01 -1.29146278e-02 -4.68586534e-02 -9.70467224e+01]\n",
      " [ 1.65977441e-02  9.96729910e-01  7.90833682e-02 -1.10643188e+02]\n",
      " [ 4.56840619e-02 -7.97676519e-02  9.95766103e-01 -1.21894188e+02]\n",
      " [ 0.00000000e+00  0.00000000e+00  0.00000000e+00  1.00000000e+00]]\n",
      " is different from img affine:\n",
      "[[-2.99645710e+00 -5.80579862e-02 -1.33693665e-01  9.76324844e+01]\n",
      " [-4.96385768e-02  2.99372244e+00 -1.87515512e-01 -8.32637482e+01]\n",
      " [-1.37042835e-01  1.85081944e-01  2.99114752e+00 -4.40105057e+01]\n",
      " [ 0.00000000e+00  0.00000000e+00  0.00000000e+00  1.00000000e+00]]\n",
      "Error processing sub-spaceloc1010 run 2 scramble: Mask affine: \n",
      "[[ 9.98817623e-01 -1.29146278e-02 -4.68586534e-02 -9.70467224e+01]\n",
      " [ 1.65977441e-02  9.96729910e-01  7.90833682e-02 -1.10643188e+02]\n",
      " [ 4.56840619e-02 -7.97676519e-02  9.95766103e-01 -1.21894188e+02]\n",
      " [ 0.00000000e+00  0.00000000e+00  0.00000000e+00  1.00000000e+00]]\n",
      " is different from img affine:\n",
      "[[-2.99645710e+00 -5.80579862e-02 -1.33693665e-01  9.76324844e+01]\n",
      " [-4.96385768e-02  2.99372244e+00 -1.87515512e-01 -8.32637482e+01]\n",
      " [-1.37042835e-01  1.85081944e-01  2.99114752e+00 -4.40105057e+01]\n",
      " [ 0.00000000e+00  0.00000000e+00  0.00000000e+00  1.00000000e+00]]\n",
      "Error processing sub-spaceloc1011 run 1 tools: Mask affine: \n",
      "[[ 9.97695804e-01 -6.22371174e-02  2.69117914e-02 -9.92922287e+01]\n",
      " [ 5.37742451e-02  9.68010366e-01  2.45080069e-01 -1.28576981e+02]\n",
      " [-4.13038582e-02 -2.43068859e-01  9.69129264e-01 -1.15319489e+02]\n",
      " [ 0.00000000e+00  0.00000000e+00  0.00000000e+00  1.00000000e+00]]\n",
      " is different from img affine:\n",
      "[[-2.99309969e+00 -1.58433318e-01  1.27487332e-01  9.80532379e+01]\n",
      " [-1.61243647e-01  2.99498773e+00 -6.36338219e-02 -7.11526871e+01]\n",
      " [ 1.23913765e-01  7.03396350e-02  2.99661422e+00 -7.42369614e+01]\n",
      " [ 0.00000000e+00  0.00000000e+00  0.00000000e+00  1.00000000e+00]]\n",
      "Error processing sub-spaceloc1011 run 1 scramble: Mask affine: \n",
